1                       ***** SUMMARY LISTING *****
    SATELLITE ID        7            START OF FILE  1988   1/ 3 48  0
0+-------START-------++--------END--------++---PEAK---++----GIGAWATTS---+
 GMT       CMLAT MLT  GMT       CMLAT MLT  GMT   CMLAT MEAS  CORR   POWER
   1/ 3 48 -44.7 21.1   1/ 4 18 -36.5  9.1  4  2 -85.4   5.6  1.104   6.2
   2/ 0  2 -35.7 20.3   2/ 0 34 -37.9  9.6  0 20 -77.2   3.8  1.563   5.9
   2/ 0 52  37.4  8.7   2/ 1 25  35.6 21.7  1  8  77.6  20.5  0.784  16.1
   2/ 3 25 -36.6 20.9   2/ 3 57 -38.1  9.0  3 42 -84.7   7.5  1.139   8.5
   3/ 0 31  35.9  8.7   3/ 1  4  35.4 21.8  0 47  77.0  33.6  0.739  24.8
   3/ 1 24 -36.7 20.4   3/ 1 55 -38.2  9.1  1 40 -82.0  14.0  1.461  20.4
   3/ 2 12  35.2  8.5   3/ 2 46  37.8 21.1  2 29  80.8  11.0  0.846   9.3
   3/ 3  5 -37.5 20.8   3/ 3 37 -36.4  9.0  3 21 -84.8   7.4  1.184   8.8
   4/ 1  3 -35.7 20.4   4/ 1 35 -36.1  9.2  1 20 -80.6 101.3  1.167 118.3
   4/ 1 52  36.9  8.5   4/ 2 26  36.1 21.2  2  8  79.7  29.4  0.756  22.2
   4/ 2 44 -35.6 20.7   4/ 3 16 -37.8  8.9  3  1 -84.6  19.9  1.121  22.3
   4/ 3 33  36.2  8.5   4/ 4  7  35.4 21.0  3 50  84.5  12.0  0.879  10.6
   4/ 4 24 -35.5 21.2   4/ 4 58 -35.1  9.3  4 41 -83.0   6.5  1.061   6.9
   5/ 0 42 -35.0 20.4   5/ 1 14 -37.4  9.3  0 59 -79.5  17.2  1.674  28.8
   5/ 1 31  35.4  8.6   5/ 2  5  36.8 21.3  1 48  78.9  19.9  0.779  15.5
   5/ 2 24 -36.7 20.6   5/ 2 56 -36.0  8.9  2 40 -84.2  10.2  1.250  12.7
   5/ 3 13  37.9  8.4   5/ 3 46  37.6 21.0  3 30  83.7  24.0  0.798  19.1
   5/ 4  4 -36.3 21.1   5/ 4 37 -36.7  9.2  4 21 -83.7  10.4  1.039  10.8
   6/ 0 22 -37.0 20.3   6/ 0 54 -35.3  9.4  0 39 -78.2  16.6  1.776  29.4
   6/ 1 11  37.1  8.6   6/ 1 44  37.2 21.5  1 27  78.2  49.6  0.740  36.7
   6/ 2  3 -35.1 20.5   6/ 2 35 -37.4  9.0  2 20 -83.6  10.5  1.316  13.8
   6/ 2 52  36.3  8.4   6/ 3 26  36.3 21.0  3  9  82.7  17.7  0.814  14.4
   6/ 3 44 -37.1 20.9   6/ 4 17 -35.2  9.1  4  0 -84.0   9.8  1.064  10.5
   6/12 56  36.6  9.8   6/13 29  36.2 22.0 13 12  84.1  31.9  0.869  27.8
   6/13 46 -36.7 21.3   6/14 18 -35.4 10.0 14  1 -78.9  11.5  1.504  17.3
   6/14 36  35.3  9.3   6/15 10  38.0 22.0 14 54  81.1  24.3  0.821  20.0
   6/15 27 -35.6 21.1   6/16  0 -35.1 10.4 15 43 -73.5   3.3  3.038  10.1
   6/16 24  52.2  8.3   6/16 52  36.7 21.9 16 36  77.7  45.3  0.762  34.5
   6/17  9 -36.3 20.9   6/17 43 -35.0 10.4 17 25 -69.4  15.3  4.107  62.7
   6/18  2  37.7  8.6   6/18 34  35.0 21.9 18 18  74.8 103.8  0.688  71.5
   6/18 51 -37.5 20.8   6/19 25 -37.1 10.3 19  9 -67.5  91.4  8.994 822.3
   6/19 44  35.6  8.6   6/20 15  35.6 22.0 20  1  73.8  77.7  0.671  52.2
   6/20 32 -35.0 20.8   6/21  8 -36.5 10.2 20 53 -68.3   4.4 11.747  52.1
   6/21 27  36.2  8.6   6/21 56  37.5 22.2 21 42  74.5  29.9  0.726  21.7
   6/22 16 -35.7 20.4   6/22 51 -35.9  9.9 22 36 -71.4   5.0  4.589  23.1
   7/ 0  1 -36.8 20.3   7/ 0 33 -36.5  9.5  0 18 -77.0  19.6  1.844  36.0
   7/ 0 50  35.6  8.7   7/ 1 23  37.0 21.7  1  6  77.5  75.1  0.714  53.6
   7/ 1 43 -36.5 20.5   7/ 2 15 -35.4  9.0  1 59 -82.6  46.7  1.096  51.2
   7/ 2 32  38.0  8.4   7/ 3  6  35.1 21.0  2 48  81.6  62.6  0.777  48.6
   7/ 3 23 -35.1 20.8   7/ 3 56 -36.7  9.0  3 40 -84.3  32.4  0.977  31.7
   7/ 4 13  37.4  8.7   7/ 4 46  36.2 21.2  4 30  85.8  23.9  0.818  19.5
   7/ 5  3 -35.1 21.4   7/ 5 37 -36.7  9.4  5 20 -82.1  11.6  0.960  11.1
   7/ 5 54  36.4  9.2   7/ 6 26  36.8 21.5  6 10  85.3  13.6  0.939  12.8
   7/ 6 44 -37.7 21.9   7/ 7 18 -37.3  9.7  6 60 -80.8  16.5  0.864  14.2
   7/ 7 36  37.9  9.5   7/ 8  6  37.2 21.6  7 51  84.5  32.0  0.974  31.1
   7/ 8 24 -37.4 21.9   7/ 8 59 -36.8  9.6  8 39 -81.1  20.4  0.852  17.3
   7/ 9 17  37.5  9.7   7/ 9 46  37.6 21.7  9 31  85.3  89.4  0.878  78.5
   7/10 57  37.1 10.0   7/11 27  36.4 22.0 11 11  86.3  87.3  0.880  76.8
   7/11 44 -35.3 21.6   7/12 17 -37.4  9.6 11 59 -82.8  17.2  1.077  18.5
   7/12 36  37.0  9.9   7/13  8  37.4 22.1 12 52  84.6  17.3  0.904  15.7
   7/13 25 -35.2 21.4   7/13 57 -36.8  9.9 13 40 -79.9   7.2  1.462  10.6
   7/14 16  36.9  9.3   7/14 50  36.1 22.0 14 33  81.9  22.4  0.827  18.6
   7/15  7 -37.5 21.1   7/15 39 -35.6 10.3 15 22 -74.6   6.7  2.303  15.4
   7/19 23  35.2  8.6   7/19 54  37.2 22.0 19 40  73.9  37.9  0.709  26.9
   7/20 12 -36.9 20.7   7/20 47 -37.0 10.2 20 32 -67.9   2.1 18.362  38.1
   7/21  6  35.6  8.6   7/21 36  35.0 22.1 21 22  74.3  27.8  0.729  20.3
   7/21 55 -36.2 20.5   7/22 30 -36.4 10.0 22 15 -70.7   8.1  4.843  39.2
   7/22 48  35.3  8.8   7/23 18  36.5 22.3 23  4  75.5  45.2  0.683  30.8
   8/ 1 22 -35.2 20.4   8/ 1 54 -36.7  9.1  1 39 -81.7   5.8  1.455   8.5
   8/ 2 11  36.6  8.4   8/ 2 45  36.4 21.1  2 28  80.7  18.6  0.787  14.6
   8/ 3  3 -35.9 20.7   8/ 3 36 -35.0  8.9  3 20 -84.4 132.5  0.981 129.9
   8/ 3 52  35.9  8.6   8/ 4 26  35.1 21.1  4  9  85.2 139.9  0.777 108.7
   8/ 4 43 -35.9 21.3   8/ 5 17 -35.3  9.4  4 60 -82.6  21.7  0.887  19.3
   8/ 5 33  35.1  9.1   8/ 6  6  35.8 21.5  5 50  85.4  16.3  0.907  14.7
   8/ 6 23 -35.6 21.8   8/ 6 58 -35.9  9.7  6 39 -80.7  12.5  0.905  11.3
   8/ 7 15  36.5  9.4   8/ 7 46  36.3 21.6  7 30  84.3  14.5  0.993  14.4
   8/ 8  3 -35.2 21.9   8/ 8 39 -35.9  9.6  8 19 -80.6  13.1  0.889  11.7
   8/ 8 56  35.3  9.6   8/ 9 26  36.6 21.7  9 10  84.8  11.1  1.044  11.6
   8/ 9 44 -38.1 21.8   8/10 19 -35.4  9.5  9 59 -82.3   7.5  0.992   7.5
   8/10 37  38.0  9.9   8/11  6  38.0 21.9 10 51  86.3  21.7  0.926  20.1
   8/11 24 -36.8 21.6   8/11 57 -37.3  9.5 11 39 -83.1  62.1  0.943  58.5
   8/12 16  37.2  9.9   8/12 48  35.6 22.0 12 31  85.0  68.8  0.874  60.1
   8/13  5 -36.9 21.4   8/13 37 -35.8  9.8 13 20 -80.9  15.9  1.316  20.9
   8/13 55  35.7  9.5   8/14 29  37.4 22.0 14 12  82.3  31.6  0.833  26.3
   8/14 46 -36.1 21.1   8/15 18 -36.2 10.3 15  1 -75.7   8.1  1.956  15.8
   8/15 37  35.7  9.0   8/16 11  35.9 21.9 15 54  79.1  33.5  0.788  26.4
   8/16 28 -37.2 20.9   8/17  1 -35.5 10.4 16 43 -70.8   9.2  3.832  35.2
   8/17 20  36.7  8.7   8/17 52  37.7 21.9 17 37  75.8  51.5  0.727  37.5
   8/18  9 -35.2 20.9   8/18 44 -35.3 10.3 18 27 -68.0   2.1 15.143  32.1
   8/19  3  37.4  8.5   8/19 34  35.4 21.9 19 19  74.0  26.7  0.747  19.9
   8/19 51 -36.3 20.8   8/20 26 -37.4 10.3 20 11 -67.7   2.4 17.963  42.6
   8/20 45  35.2  8.6   8/21 15  36.4 22.1 21  1  74.1  22.6  0.756  17.1
   8/21 34 -36.4 20.5   8/22  9 -36.9 10.1 21 54 -69.9   2.7  8.700  23.3
   8/22 28  37.1  8.7   8/22 57  36.9 22.3 22 43  75.3  19.0  0.774  14.7
   9/ 0  9  35.8  8.7   9/ 0 30  68.9 23.8  0 25  77.5  29.0  0.747  21.7
   9/ 3 32  37.6  8.5   9/ 4  5  37.3 21.0  3 49  84.5  22.1  0.813  17.9
   9/ 4 23 -36.8 21.2   9/ 4 56 -36.8  9.2  4 40 -83.3  12.2  0.986  12.1
  10/ 0 41 -36.2 20.3  10/ 1 13 -35.9  9.3  0 58 -79.4   7.1  1.683  11.9
  10/ 1 30  36.8  8.5  10/ 2  4  35.5 21.3  1 46  78.9   9.5  0.874   8.3
  10/ 2 22 -35.1 20.5  10/ 2 54 -37.8  8.9  2 39 -84.3   7.6  1.256   9.6
  10/ 3 11  36.1  8.4  10/ 3 45  36.1 20.9  3 28  83.6   3.8  1.037   3.9
  10/ 4  3 -37.6 21.0  10/ 4 36 -35.3  9.1  4 19 -83.8   4.6  1.089   5.1
  10/ 4 52  35.5  8.9  10/ 5 11  83.7 22.9  5  9  87.0   0.8  1.033   0.8
  11/ 0 20 -35.7 20.3  11/ 0 52 -37.1  9.4  0 37 -78.3  12.8  1.840  23.5
  11/ 1  9  35.3  8.6  11/ 1 43  35.9 21.5  1 26  78.0  14.6  0.811  11.9
  11/ 2  2 -36.3 20.5  11/ 2 34 -35.9  8.9  2 18 -83.6  11.5  1.316  15.1
  11/ 2 51  37.7  8.4  11/ 3 24  38.0 21.0  3  8  82.7  40.2  0.780  31.4
  11/ 3 42 -35.5 20.9  11/ 4 15 -36.9  9.0  3 59 -84.1  15.3  1.008  15.4
  12/ 0  0 -37.9 20.2  12/ 0 32 -35.1  9.4  0 17 -76.9   4.0  1.590   6.4
  12/ 0 49  36.9  8.6  12/ 1 22  35.7 21.6  1  5  77.5   2.1  1.129   2.3
  12/ 1 41 -35.0 20.4  12/ 2 13 -37.3  9.0  1 58 -82.7   3.7  1.293   4.8
  12/ 2 30  36.2  8.4  12/ 3  4  36.8 21.0  2 47  81.6   2.2  1.066   2.4
  12/ 3 22 -36.3 20.8  12/ 3 55 -35.4  8.9  3 39 -84.3   5.3  1.149   6.1
  13/ 0 28  35.5  8.7  13/ 1  1  35.4 21.8  0 44  76.9   4.5  1.005   4.5
  13/ 1 21 -36.5 20.4  13/ 1 53 -35.3  9.1  1 37 -81.6   4.9  1.437   7.1
  13/ 2 10  37.9  8.4  13/ 2 44  35.1 21.0  2 26  80.6   2.8  1.055   2.9
  13/ 3  2 -37.2 20.7  13/ 3 34 -36.8  8.9  3 18 -84.9   6.3  1.187   7.5
  14/ 1  0 -35.5 20.3  14/ 1 32 -36.5  9.2  1 17 -80.5  18.5  1.525  28.2
  14/ 1 49  36.5  8.4  14/ 2 23  36.4 21.1  2  6  79.6  23.6  0.765  18.1
  14/ 2 41 -35.3 20.6  14/ 3 14 -35.1  8.9  2 58 -84.2  10.0  1.223  12.2
  14/ 3 30  35.8  8.4  14/ 4  4  35.8 21.0  3 47  84.3  87.7  0.774  67.9
  14/ 4 21 -35.2 21.1  14/ 4 55 -35.5  9.2  4 38 -83.0  21.2  0.917  19.4
  15/ 0 40 -37.4 20.3  15/ 1 11 -37.8  9.3  0 56 -79.6  61.3  1.353  83.0
  15/ 2 21 -36.4 20.5  15/ 2 53 -36.4  8.9  2 37 -84.2  58.1  1.001  58.2
  15/ 3 10  37.5  8.4  15/ 3 43  37.9 20.9  3 27  83.6  94.8  0.759  71.9
  15/ 4  1 -36.0 21.0  15/ 4 34 -37.1  9.1  4 18 -83.8  38.0  0.939  35.7
  15/ 4 51  36.8  8.8  15/ 5 24  35.4 21.3  5  8  86.0  76.0  0.842  63.9
  15/ 5 41 -35.8 21.6  15/ 6 15 -37.2  9.5  5 58 -81.4  74.9  0.887  66.4
  15/ 6 32  35.3  9.2  15/ 7  4  36.1 21.5  6 48  84.5  69.3  0.869  60.2
  15/ 7 21 -35.4 21.8  15/ 7 57 -35.0  9.6  7 37 -80.5  31.3  0.831  26.0
  15/ 8 14  37.0  9.5  15/ 8 44  36.4 21.6  8 28  84.5  87.5  0.854  74.7
  15/ 9  1 -35.0 21.8  15/ 9 37 -36.0  9.5  9 17 -81.2  53.8  0.869  46.7
  15/ 9 55  37.9  9.7  15/10 24  37.1 21.7 10  9  85.9  64.7  0.909  58.8
  15/11 34  35.6  9.9  15/12  5  36.7 22.0 11 49  85.8  57.5  0.901  51.8
  15/12 22 -35.1 21.4  15/12 55 -35.9  9.6 12 37 -82.2  63.0  0.983  62.0
  15/13 13  35.8  9.7  15/13 47  35.3 21.9 13 30  83.4  39.2  0.867  34.0
  15/14  4 -38.0 21.1  15/14 35 -37.1 10.1 14 19 -78.1  25.7  1.372  35.3
  15/14 54  35.8  9.1  15/15 28  37.0 21.9 15 11  80.5  67.1  0.809  54.3
  15/15 45 -36.5 20.9  15/16 17 -37.4 10.4 16  1 -72.7  13.9  2.425  33.6
  15/16 37  37.1  8.7  15/17 10  35.6 21.9 16 53  77.0 128.4  0.725  93.0
  15/17 27 -37.1 20.8  15/18  0 -37.4 10.4 17 43 -68.9   8.4  5.949  50.2
  15/18 19  35.1  8.6  15/18 51  37.0 21.8 18 36  74.5  48.0  0.703  33.7
  15/19  8 -35.7 20.8  15/19 43 -37.0 10.2 19 27 -67.5   5.7 11.726  66.3
  15/20  2  35.7  8.5  15/20 32  37.8 22.0 20 18  73.9  55.6  0.674  37.5
  15/20 50 -35.2 20.7  15/21 26 -36.4 10.1 21 11 -68.7   7.5  8.741  65.8
  15/22 34 -35.2 20.3  15/23  9 -35.6  9.8 22 54 -72.3  31.6  2.756  87.1
  16/ 0 19 -36.9 20.2  16/ 0 51 -35.7  9.3  0 36 -78.1  10.3  1.877  19.4
  16/ 1  8  36.7  8.6  16/ 1 41  37.4 21.5  1 24  78.1  18.2  0.792  14.4
  16/ 2  1 -37.6 20.4  16/ 2 32 -37.7  8.9  2 17 -83.8  13.0  1.313  17.0
  16/ 2 49  36.0  8.4  16/ 3 23  36.6 20.9  3  6  82.6  30.7  0.779  23.9
  16/ 3 41 -36.8 20.9  16/ 4 14 -35.5  9.0  3 58 -84.2  11.5  1.042  12.0
  16/ 4 30  35.4  8.7  16/ 5  3  37.6 21.2  4 47  86.2   5.2  1.013   5.3
  16/ 5 21 -36.8 21.5  16/ 5 55 -35.6  9.4  5 37 -81.8   7.2  1.012   7.3
  16/ 6 12  37.3  9.2  16/ 6 44  35.1 21.5  6 28  84.8   4.4  1.070   4.7
  16/ 7  1 -36.4 21.8  16/ 7 36 -36.4  9.6  7 17 -80.6  13.5  0.885  12.0
  16/ 7 53  35.4  9.4  16/ 8 24  35.5 21.6  8  8  84.0  29.1  0.967  28.1
  16/ 8 41 -36.0 21.8  16/ 9 17 -35.4  9.5  8 57 -81.1  22.1  0.846  18.7
  16/ 9 34  35.3  9.7  16/10  4  35.9 21.7  9 48  85.3  23.0  0.950  21.9
  16/11 14  35.9  9.9  16/11 45  35.1 21.9 11 29  85.9  13.5  0.996  13.5
  16/12  2 -36.8 21.5  16/12 35 -35.5  9.5 12 17 -82.8  13.6  1.174  16.0
  16/12 53  36.1  9.7  16/13 26  36.5 22.0 13  9  84.0  94.1  0.847  79.7
  16/13 43 -36.5 21.2  16/14 15 -35.7  9.9 13 58 -79.1  28.6  1.301  37.2
  16/14 34  37.9  9.2  16/15  8  35.1 21.9 14 51  81.2  15.3  0.853  13.1
  16/15 24 -35.4 21.0  16/15 57 -35.3 10.3 15 40 -73.6   8.0  2.453  19.7
  16/16 16  36.6  8.8  16/16 49  36.9 21.9 16 33  77.7   3.8  1.111   4.2
  16/17  6 -36.1 20.9  16/17 40 -35.2 10.3 17 22 -69.4   5.5  6.134  34.0
  16/17 59  37.4  8.5  16/18 31  35.3 21.8 18 15  74.8   2.8  1.197   3.4
  16/18 48 -37.3 20.8  16/19 22 -37.4 10.3 19  6 -67.6   6.0 11.007  65.5
  16/19 41  35.3  8.5  16/20 12  35.9 21.9 19 58  73.8  43.7  0.673  29.4
  16/20 30 -37.3 20.6  16/21  5 -36.8 10.1 20 50 -68.2   5.8 10.945  63.4
  16/21 24  36.0  8.5  16/21 53  37.7 22.2 21 40  74.5   5.0  0.994   5.0
  16/22 13 -35.7 20.4  16/22 48 -36.1  9.9 22 33 -71.4   5.0  4.745  23.8
  16/23  6  36.1  8.7  16/23 36  36.5 22.2 23 21  75.7  16.6  0.791  13.1
  17/ 0  0 -41.6 20.1  17/ 0 30 -36.8  9.5  0 15 -77.2  11.6  1.941  22.4
  17/ 0 47  35.2  8.6  17/ 1 20  37.1 21.7  1  3  77.5   5.8  0.961   5.6
  17/ 1 40 -36.3 20.4  17/ 2 12 -35.8  9.0  1 56 -82.6   8.1  1.413  11.5
  17/ 2 29  37.6  8.3  17/ 3  3  35.4 20.9  2 45  81.5   6.2  0.960   6.0
  17/ 3 21 -37.6 20.7  17/ 3 53 -37.1  8.9  3 37 -84.8   5.8  1.151   6.7
  17/ 4 10  37.0  8.6  17/ 4 43  36.5 21.1  4 27  85.8   4.5  1.035   4.6
  17/ 5  1 -37.7 21.3  17/ 5 34 -37.1  9.3  5 17 -82.5   8.4  1.007   8.5
  17/ 5 51  36.0  9.1  17/ 6 23  37.2 21.4  6  7  85.3  22.1  0.880  19.5
  17/ 6 41 -37.4 21.7  17/ 7 15 -37.7  9.6  6 57 -80.8  11.7  0.910  10.6
  17/ 7 33  37.5  9.3  17/ 8  3  37.6 21.5  7 48  84.5  13.5  0.997  13.5
  17/ 8 21 -37.0 21.8  17/ 8 56 -37.1  9.5  8 36 -81.1  14.0  0.880  12.3
  17/ 9 14  37.0  9.6  17/ 9 43  37.9 21.6  9 28  85.2  11.5  1.053  12.1
  17/10 54  36.5  9.9  17/11 24  36.6 21.9 11  8  86.3  14.1  0.987  13.9
  17/11 41 -35.0 21.5  17/12 15 -35.3  9.4 11 57 -82.7  12.9  1.107  14.2
  17/12 33  36.5  9.8  17/13  5  37.6 22.0 12 49  84.7  39.3  0.898  35.3
  17/13 23 -38.3 21.2  17/13 54 -37.2  9.9 13 37 -80.3   8.8  1.461  12.9
  17/14 13  36.6  9.3  17/14 47  36.4 21.9 14 30  81.9  27.5  0.821  22.6
  17/15  4 -37.2 21.0  17/15 36 -35.8 10.3 15 19 -74.8  11.3  2.061  23.3
  17/15 55  36.1  8.9  17/16 28  38.1 21.9 16 12  78.4  57.8  0.770  44.5
  17/16 45 -35.1 20.9  17/17 19 -35.5 10.3 17  1 -70.1  19.3  3.318  63.9
  17/17 38  37.0  8.6  17/18 10  36.7 21.8 17 54  75.3  49.9  0.719  35.9
  17/18 27 -36.3 20.8  17/19  2 -35.1 10.2 18 45 -67.8  14.2  7.822 111.5
  17/19 20  35.0  8.5  17/19 51  37.5 21.9 19 37  73.9  43.3  0.691  29.9
  17/20  9 -36.8 20.7  17/20 44 -37.2 10.2 20 29 -67.9  14.9 10.734 159.7
  17/21  3  35.4  8.5  17/21 33  35.3 22.1 21 19  74.2  20.7  0.769  15.9
  17/21 52 -36.1 20.4  17/22 27 -36.7  9.9 22 12 -70.6   8.5  4.880  41.5
  17/22 45  35.0  8.7  17/23 15  36.6 22.2 23  1  75.4  75.7  0.681  51.5
  19/ 0 59 -36.8 20.3  19/ 1 31 -35.0  9.1  1 15 -80.4   8.5  1.614  13.7
  19/ 1 48  37.9  8.4  19/ 2 22  35.0 21.1  2  4  79.5   7.4  0.920   6.8
  19/ 2 40 -36.6 20.6  19/ 3 12 -36.8  8.9  2 56 -84.6   6.7  1.219   8.2
  19/ 3 29  37.2  8.4  19/ 4  2  37.6 20.9  3 46  84.4   6.2  0.973   6.0
  19/ 4 20 -36.5 21.1  19/ 4 53 -37.2  9.1  4 37 -83.3  12.5  0.985  12.3
  22/ 0  0 -45.3 20.0  22/ 0 29 -35.4  9.4  0 13 -77.4   8.4  1.890  15.8
  22/ 0 46  36.6  8.6  22/ 1 19  35.7 21.6  1  2  77.5  16.5  0.802  13.3
  22/ 1 39 -37.6 20.4  22/ 2 10 -37.5  9.0  1 55 -82.8  14.9  1.387  20.7
  22/ 2 27  36.0  8.4  22/ 3  1  37.0 20.9  2 44  81.4  18.6  0.801  14.9
  22/ 3 19 -36.1 20.7  22/ 3 52 -35.7  8.9  3 36 -84.3   9.7  1.134  11.0
  23/ 0 25  35.2  8.7  23/ 0 58  35.4 21.8  0 41  76.8   6.5  0.935   6.1
  23/ 1 18 -36.4 20.3  23/ 1 50 -35.5  9.0  1 34 -81.5   6.9  1.500  10.4
  23/ 2  7  37.7  8.4  23/ 2 41  35.2 21.0  2 23  80.5   4.1  1.027   4.2
  23/ 2 59 -37.0 20.6  23/ 3 31 -37.1  8.8  3 15 -84.8   6.5  1.190   7.8
  24/ 0 57 -35.4 20.3  24/ 1 29 -36.8  9.1  1 14 -80.4   5.0  1.523   7.5
  24/ 1 46  36.2  8.4  24/ 2 20  36.5 21.1  2  3  79.5   2.9  1.075   3.1
  24/ 2 38 -35.1 20.6  24/ 3 11 -35.3  8.8  2 55 -84.2   4.4  1.210   5.4
  24/ 3 27  35.5  8.4  24/ 4  1  36.0 20.9  3 44  84.3   2.3  1.066   2.5
  24/ 4 18 -35.0 21.0  24/ 4 52 -35.8  9.1  4 35 -83.1   5.2  1.076   5.6
  25/ 0 37 -37.4 20.2  25/ 1  8 -38.0  9.3  0 53 -79.4   6.4  1.665  10.7
  25/ 1 26  37.9  8.5  25/ 1 59  36.9 21.3  1 42  78.8  12.3  0.839  10.3
  25/ 2 18 -36.3 20.5  25/ 2 50 -36.6  8.9  2 35 -84.2   8.6  1.263  10.8
  25/ 3  7  37.2  8.3  25/ 3 40  38.1 20.9  3 24  83.4   7.2  0.943   6.8
  25/ 3 58 -35.8 20.9  25/ 4 31 -37.4  9.0  4 15 -83.8   7.8  1.075   8.4
 116/19 10  37.6  8.7 116/19 40  37.9 22.2 19 26  74.1  39.6  0.695  27.5
 116/19 58 -36.6 21.0 116/20 33 -37.2 10.4 20 18 -67.8   1.8 20.636  36.4
 116/20 52  35.4  8.7 116/21 22  35.7 22.2 21  8  74.2  19.2  0.778  14.9
 116/21 41 -36.1 20.6 116/22 16 -36.6 10.2 22  1 -70.5   2.2  7.711  16.8
 116/22 35  37.8  8.9 116/23  4  36.8 22.6 22 50  75.5   9.2  0.868   8.0
 117/ 0 16  36.8  9.1 117/ 0 48  36.8 22.5  0 32  77.0  17.2  0.789  13.6
