1                       ***** SUMMARY LISTING *****
    SATELLITE ID        7            START OF FILE  1983 329/16 26  0
0+-------START-------++--------END--------++---PEAK---++----GIGAWATTS---+
 GMT       CMLAT MLT  GMT       CMLAT MLT  GMT   CMLAT MEAS  CORR   POWER
 329/16 26 -50.1 21.4 329/16 50 -46.7 11.9 16 37 -73.0   7.9  2.472  19.5
 329/18  7 -46.5 21.4 329/18 33 -46.3 12.0 18 20 -69.0   3.0  8.655  25.5
 329/19 49 -46.0 21.3 329/20 16 -46.7 11.9 20  4 -67.4   3.7 11.674  43.0
 329/21 32 -45.1 21.0 329/21 59 -46.8 11.6 21 48 -69.1  12.1  5.508  66.9
 330/ 0 59 -45.8 20.9 330/ 1 22 -54.1 10.7  1 12 -79.3  14.5  1.622  23.5
 330/ 1 47  45.8  9.3 330/ 2 12  55.3 23.0  2  1  78.6  74.4  0.773  57.5
 330/ 2 40 -44.9 21.5 330/ 3  3 -56.9 10.3  2 54 -85.1  69.3  1.014  70.3
 330/ 3 28  45.0  9.4 330/ 3 54  55.8 22.6  3 43  82.7  36.2  0.804  29.1
 330/ 4 21 -46.7 22.3 330/ 4 45 -53.7 10.3  4 34 -86.5  33.2  1.019  33.8
 330/ 5 10  46.8  9.9 330/ 5 36  50.8 22.5  5 24  87.2  58.9  0.816  48.1
 330/ 6  1 -46.7 22.9 330/ 6 26 -52.1 10.4  6 14 -83.8  36.9  0.880  32.4
 330/ 6 51  45.3 10.3 330/ 7 17  47.3 22.5  7  5  87.8 101.4  0.813  82.4
 330/ 7 41 -46.8 23.0 330/ 8  7 -50.6 10.4  7 54 -82.4  25.7  0.871  22.4
 330/ 8 33  48.4 10.5 330/ 8 57  47.3 22.5  8 45  86.6  20.2  0.968  19.6
 330/ 9 21 -46.7 22.9 330/ 9 49 -46.0 10.4  9 33 -83.1  21.4  0.888  19.0
 330/10 13  46.8 10.8 330/10 37  48.3 22.7 10 25  86.9  10.7  1.051  11.2
 330/11  1 -46.0 22.7 330/11 28 -46.7 10.4 11 13 -85.0  12.4  0.985  12.2
 330/11 53  47.5 10.9 330/12 18  47.8 23.0 12  5  87.3  36.7  0.946  34.7
 330/12 43 -50.8 22.3 330/13  8 -45.5 10.7 12 54 -84.5  59.1  0.974  57.6
 330/13 34  51.7 10.5 330/14  0  46.6 23.1 13 46  85.2  75.6  0.844  63.8
 330/14 24 -50.3 21.8 330/14 48 -47.1 11.2 14 35 -79.4  12.5  1.347  16.9
 330/16  6 -51.1 21.4 330/16 30 -45.9 11.8 16 17 -73.9  23.3  1.571  36.5
 330/16 57  49.3  9.3 330/17 23  47.5 23.1 17 10  77.6  31.6  0.788  24.9
 330/17 47 -47.3 21.3 330/18 13 -45.1 11.9 17 59 -69.6  19.2  2.822  54.2
 330/18 39  46.3  9.2 330/19  5  45.5 23.1 18 52  75.1  30.8  0.768  23.7
 331/ 2 20 -45.0 21.3 331/ 2 43 -56.3 10.3  2 34 -84.1   7.7  1.374  10.6
 331/12 23 -50.9 22.4 331/12 48 -45.9 10.6 12 34 -85.3  42.3  1.006  42.5
 331/13 14  51.3 10.6 331/13 40  45.9 23.1 13 26  85.7  70.9  0.867  61.5
 331/14  5 -54.2 21.8 331/14 28 -47.0 11.1 14 15 -80.6  37.2  1.098  40.9
 331/14 55  52.1  9.9 331/15 22  45.3 23.1 15  7  82.2  25.6  0.866  22.2
 331/15 46 -51.9 21.4 331/16 10 -45.1 11.6 15 57 -74.9  22.3  1.466  32.7
 331/17 28 -50.8 21.1 331/17 52 -46.4 12.0 17 39 -70.5   5.5  4.784  26.3
 331/19  8 -45.2 21.4 331/19 35 -46.8 11.9 19 22 -67.7   3.3 10.569  35.4
 333/20 10 -45.7 21.2 333/20 37 -47.3 11.9 20 25 -67.5   3.0 13.175  39.8
 333/21  4  47.6  9.1 333/21 27  47.5 23.4 21 16  74.4  64.4  0.756  48.6
 333/21 54 -46.1 20.8 333/22 20 -47.5 11.5 22  9 -69.8  20.9  4.060  84.8
 334/ 1 20 -46.0 21.0 334/ 1 43 -54.1 10.5  1 33 -80.5  82.2  0.977  80.3
 334/ 2  8  46.3  9.2 334/ 2 33  55.9 22.9  2 22  79.3  52.4  0.759  39.8
 334/ 3  1 -45.8 21.6 334/ 3 24 -56.4 10.2  3 14 -86.1  28.2  1.061  29.9
 334/ 3 49  45.4  9.5 334/ 4 15  55.2 22.5  4  4  83.6  32.1  0.819  26.3
 334/ 4 42 -47.9 22.5 334/ 5  5 -56.0 10.3  4 55 -86.3  19.6  0.967  19.0
 334/ 6 21 -44.9 22.9 334/ 6 48 -48.3 10.5  6 35 -83.0  15.5  0.934  14.5
 334/ 7 12  45.7 10.3 334/ 7 28  80.9 22.4  7 25  89.6   7.4  1.052   7.8
 334/ 9 42 -48.1 22.9 334/10  9 -47.2 10.3  9 54 -83.6  23.5  0.889  20.9
 334/10 34  48.2 10.8 334/10 58  47.2 22.8 10 46  87.1  15.4  1.001  15.4
 334/14 45 -50.7 21.7 334/15  9 -46.6 11.3 14 56 -78.2   8.5  1.439  12.3
 334/16 26 -50.1 21.2 334/16 51 -46.0 11.8 16 38 -72.6  12.2  2.330  28.4
 334/17 17  45.6  9.4 334/17 44  47.1 23.1 17 31  77.0  50.3  0.755  38.0
 334/18  8 -47.2 21.3 334/18 34 -45.7 11.9 18 21 -69.0   2.5  9.249  23.0
 334/19 50 -46.9 21.2 334/20 17 -46.0 11.8 20  4 -67.4   3.5 12.106  41.9
 334/21 33 -45.6 20.9 334/22  0 -46.1 11.5 21 48 -69.1  26.6  4.801 127.6
 335/ 0  7  46.7  9.3 335/ 0 32  47.6 23.3  0 19  76.2 133.8  0.827 110.7
 335/ 1  0 -46.5 20.9 335/ 1 23 -53.3 10.6  1 13 -79.3  21.8  1.497  32.7
 335/ 1 48  46.6  9.2 335/ 2 13  54.6 23.0  2  2  78.6  51.1  0.750  38.4
 335/ 2 41 -45.8 21.4 335/ 3  4 -56.0 10.2  2 54 -85.2  18.7  1.192  22.3
 335/ 3 29  45.8  9.4 335/ 3 55  55.0 22.6  3 44  82.7  35.2  0.805  28.3
 335/ 4 22 -47.6 22.3 335/ 4 46 -52.9 10.3  4 35 -86.5  33.9  1.015  34.4
 335/ 5 11  47.6  9.9 335/ 5 37  49.8 22.5  5 25  87.4  37.5  0.846  31.7
 335/ 6  2 -47.6 22.9 335/ 6 27 -51.3 10.4  6 15 -83.7  17.5  0.934  16.3
 335/ 6 52  46.1 10.2 335/ 7 18  46.4 22.5  7  5  87.5  28.3  0.915  25.9
 335/ 7 42 -47.7 23.0 335/ 8  9 -47.5 10.5  7 54 -82.3  31.0  0.857  26.5
 335/ 9 22 -47.6 22.9 335/ 9 50 -45.4 10.4  9 34 -83.3  12.6  0.920  11.6
 335/11  3 -50.5 22.7 335/11 29 -46.0 10.4 11 14 -85.6  31.9  0.929  29.7
 335/12 44 -51.7 22.2 335/13  8 -47.6 10.7 12 55 -84.7  14.1  1.117  15.7
 335/14 25 -51.2 21.8 335/14 49 -46.3 11.2 14 36 -79.4  21.7  1.238  26.9
 335/16  7 -51.8 21.3 335/16 31 -45.2 11.7 16 18 -73.9  11.6  1.938  22.6
 335/17 48 -48.0 21.3 335/18 13 -46.9 12.0 18  0 -69.7   1.9  8.809  16.7
 335/18 40  47.0  9.1 335/19  5  47.8 23.1 18 53  75.2  24.2  0.790  19.1
 335/19 30 -47.4 21.2 335/19 56 -47.4 11.9 19 44 -67.5   5.2  9.024  46.9
 335/20 23  46.9  9.0 335/20 47  46.1 23.3 20 35  74.4  36.7  0.761  28.0
 335/21 12 -45.0 21.1 335/21 39 -47.8 11.7 21 28 -68.5   6.2  7.953  49.2
 335/22  5  45.6  9.2 335/22 29  46.2 23.4 22 17  74.8  30.8  0.775  23.9
 335/22 57 -46.5 20.6 335/23 22 -47.6 11.2 23 11 -72.5   5.5  3.782  21.0
 336/ 0 40 -47.1 20.8 336/ 1  3 -52.4 10.7  0 53 -78.2   8.5  1.745  14.9
 336/ 1 28  46.7  9.2 336/ 1 53  53.3 23.0  1 41  78.1   9.1  0.884   8.1
 336/ 2 21 -45.8 21.3 336/ 2 44 -55.4 10.2  2 34 -84.1   9.7  1.361  13.1
 336/ 3  9  46.2  9.3 336/ 3 35  54.7 22.6  3 24  81.8   9.2  0.902   8.3
 336/ 4  2 -47.2 22.1 336/ 4 26 -52.9 10.2  4 15 -86.8  16.4  1.043  17.1
 336/ 5 42 -47.1 22.8 336/ 6  7 -51.5 10.4  5 55 -84.2  23.3  0.921  21.5
 336/ 6 32  46.5 10.2 336/ 6 57  50.4 22.5  6 45  88.6  30.2  0.904  27.3
 336/ 7 22 -47.2 23.0 336/ 7 48 -50.1 10.4  7 35 -82.4  23.9  0.880  21.0
 336/ 9  2 -47.1 22.9 336/ 9 30 -45.9 10.4  9 14 -82.9  28.4  0.861  24.5
 336/ 9 54  47.3 10.7 336/10 18  47.6 22.7 10  6  86.7  12.4  1.026  12.7
 336/10 42 -46.7 22.7 336/11  9 -46.7 10.3 10 54 -84.7  15.4  0.946  14.6
 336/11 34  47.6 10.9 336/11 59  46.7 23.0 11 46  87.2  10.0  1.042  10.4
 336/12 24 -51.9 22.3 336/12 49 -45.2 10.6 12 35 -85.3   7.1  1.184   8.4
 336/13 17  58.6 10.5 336/13 41  45.2 23.1 13 27  86.0  37.5  0.907  34.0
 336/14  5 -51.6 21.9 336/14 29 -46.2 11.1 14 16 -80.5  61.4  1.034  63.5
 336/14 56  52.8  9.9 336/15 22  47.6 23.1 15  8  82.2  37.1  0.845  31.3
 336/15 47 -52.8 21.4 336/16 10 -47.3 11.7 15 57 -74.9  21.2  1.479  31.4
 336/16 38  51.4  9.3 336/17  4  46.2 23.0 16 50  78.3  60.0  0.769  46.1
 336/17 28 -48.8 21.3 336/17 53 -45.8 11.9 17 40 -70.4   1.9  7.306  14.0
 336/18 19  45.3  9.2 336/18 45  47.4 23.1 18 33  75.6  28.4  0.775  22.0
 336/19 10 -48.2 21.1 336/19 36 -46.2 11.9 19 23 -67.7   2.8 11.142  30.9
 336/20  2  45.4  9.1 336/20 27  45.5 23.2 20 15  74.4  13.3  0.846  11.3
 336/20 52 -46.2 21.0 336/21 19 -46.5 11.7 21  7 -68.0   4.5 10.426  47.3
 336/22 36 -45.7 20.7 336/23  1 -49.4 11.4 22 51 -71.5   5.5  4.634  25.6
 337/ 0 19 -45.2 20.8 337/ 0 43 -51.4 10.8  0 33 -76.9   8.8  1.910  16.8
 337/ 1  8  46.9  9.2 337/ 1 33  51.8 23.1  1 21  77.5  15.0  0.818  12.3
 337/ 2  1 -46.0 21.1 337/ 2 24 -54.8 10.3  2 14 -82.9  12.6  1.365  17.2
 337/ 2 49  46.5  9.2 337/ 3 15  54.1 22.6  3  3  80.9   9.0  0.893   8.0
 337/ 3 42 -46.9 21.9 337/ 4  5 -56.0 10.2  3 55 -87.1  17.0  1.066  18.1
 337/ 4 30  45.4  9.7 337/ 4 56  54.1 22.5  4 45  85.6  19.1  0.871  16.6
 337/ 5 22 -46.6 22.7 337/ 5 47 -51.6 10.4  5 35 -84.7  12.8  0.971  12.4
 337/ 7  2 -46.7 23.0 337/ 7 28 -50.2 10.4  7 15 -82.6  12.8  0.927  11.8
 337/ 8 42 -46.7 22.9 337/ 9 10 -46.3 10.4  8 54 -82.6  15.2  0.897  13.6
 337/ 9 34  47.0 10.6 337/ 9 58  47.8 22.6  9 46  86.7   5.1  1.149   5.9
 337/10 22 -46.4 22.7 337/10 50 -45.1 10.3 10 34 -84.2   7.8  1.006   7.9
 337/11 14  46.8 10.8 337/11 39  46.5 22.9 11 26  87.1  38.1  0.953  36.3
 337/12  3 -48.3 22.4 337/12 29 -45.8 10.5 12 15 -85.4   5.6  1.172   6.5
 337/12 56  54.8 10.6 337/13 20  47.6 23.1 13  7  86.5  38.3  0.912  34.9
 337/13 45 -52.0 21.9 337/14  9 -46.2 10.9 13 56 -81.6  79.2  1.001  79.2
 337/17  8 -49.8 21.2 337/17 30 -52.5 12.3 17 19 -71.3   1.8  6.148  11.0
 337/18 49 -46.5 21.3 337/19 16 -45.0 11.8 19  2 -68.0   2.6 11.421  30.0
 337/19 42  46.5  9.0 337/20  6  48.2 23.2 19 55  74.6   6.6  0.965   6.4
 337/20 31 -45.4 21.2 337/20 59 -45.2 11.6 20 47 -67.7  22.9  6.209 142.3
 337/21 25  47.3  9.1 337/21 48  47.5 23.4 21 37  74.5  12.3  0.843  10.4
 337/22 15 -45.2 20.8 337/22 41 -48.1 11.4 22 30 -70.6   5.4  5.541  30.0
 337/23  7  47.7  9.2 337/23 31  46.0 23.3 23 19  75.4   8.8  0.869   7.7
 338/ 0  0 -49.8 20.6 338/ 0 22 -53.6 11.0  0 13 -75.8   5.5  2.175  12.0
 338/ 0 48  47.1  9.2 338/ 1 13  50.1 23.1  1  1  77.0   4.9  0.967   4.7
 338/ 3 22 -46.7 21.7 338/ 3 45 -55.9 10.2  3 35 -86.7   7.1  1.239   8.8
 338/ 5  2 -46.2 22.6 338/ 5 27 -51.9 10.3  5 15 -85.2   8.8  1.052   9.3
 338/ 5 52  47.4 10.0 338/ 6 17  51.4 22.5  6  6  88.7  63.3  0.841  53.2
 338/ 6 42 -46.3 22.9 338/ 7  8 -50.3 10.4  6 55 -82.8  16.1  0.918  14.8
 338/ 7 33  46.3 10.3 338/ 7 58  47.9 22.5  7 46  87.0  17.5  0.973  17.0
 338/ 8 22 -46.2 22.9 338/ 8 49 -48.9 10.4  8 35 -82.4  10.4  0.932   9.7
 338/10  2 -46.0 22.8 338/10 30 -45.8 10.3 10 14 -83.8   7.4  1.005   7.5
 338/10 54  46.1 10.8 338/11 19  46.3 22.8 11  6  87.1   7.3  1.104   8.1
 338/11 44 -51.9 22.5 338/12  9 -46.4 10.4 11 55 -86.0  12.1  1.043  12.6
 338/12 34  47.6 10.8 338/13  0  47.1 23.1 12 47  86.4   4.4  1.108   4.8
 338/13 24 -48.7 22.1 338/13 49 -46.3 10.8 13 35 -82.7  13.9  1.207  16.8
 338/14 17  56.7 10.1 338/14 42  46.3 23.1 14 28  83.8  18.0  0.905  16.3
 338/15  6 -51.1 21.6 338/15 30 -46.1 11.4 15 17 -77.0   5.9  1.596   9.4
 338/16 48 -50.7 21.2 338/17 12 -46.2 11.9 16 59 -72.0  15.0  2.207  33.2
 338/21  4  45.4  9.1 338/21 28  46.6 23.3 21 16  74.4   8.7  0.889   7.7
 338/21 55 -46.6 20.7 338/22 21 -46.7 11.4 22 10 -69.8   5.3  7.096  37.6
 338/22 46  45.0  9.3 338/23 10  47.7 23.4 22 58  75.2   5.8  0.934   5.4
 339/ 0 28  47.3  9.3 339/ 0 53  48.5 23.2  0 40  76.7   3.7  0.998   3.7
 339/ 1 21 -46.7 20.9 339/ 1 44 -53.3 10.4  1 34 -80.6   7.9  1.558  12.3
 339/ 2  9  47.1  9.2 339/ 2 35  52.3 22.7  2 23  79.4   3.2  1.073   3.4
 339/ 3  2 -46.6 21.5 339/ 3 25 -55.5 10.1  3 15 -86.1   8.9  1.255  11.2
 339/ 3 50  46.2  9.4 339/ 4 16  54.3 22.5  4  5  83.7  30.3  0.823  24.9
 339/ 4 42 -45.7 22.4 339/ 5  6 -55.2 10.2  4 56 -86.1  15.2  0.993  15.1
 339/ 5 32  47.9  9.9 339/ 5 57  51.9 22.5  5 46  88.0  36.7  0.860  31.5
 339/ 6 22 -45.8 22.9 339/ 6 48 -50.4 10.4  6 35 -83.2  28.6  0.889  25.5
 339/ 7 13  46.6 10.3 339/ 7 39  45.0 22.5  7 26  87.0  59.6  0.896  53.4
 339/ 8  2 -45.8 22.9 339/ 8 30 -46.7 10.5  8 15 -82.2  29.3  0.857  25.1
 339/ 8 54  46.7 10.5 339/ 9 19  45.2 22.5  9  6  86.4  27.2  0.961  26.1
 339/ 9 42 -45.6 22.8 339/10 10 -46.5 10.3  9 55 -83.4  50.0  0.837  41.8
 339/10 34  45.5 10.8 339/10 59  46.3 22.8 10 46  87.0  61.4  0.927  56.9
 339/11 23 -48.2 22.6 339/11 49 -47.1 10.4 11 35 -85.5  38.2  0.941  35.9
 339/12 14  46.7 10.8 339/12 40  46.5 23.0 12 27  86.8  21.7  0.924  20.1
 339/13  5 -52.6 22.1 339/13 29 -46.5 10.7 13 15 -83.7  11.2  1.216  13.6
 339/19  2  51.2  8.8 339/19 26  47.3 23.1 19 14  74.7  37.4  0.754  28.2
 339/19 50 -45.0 21.3 339/20 18 -45.4 11.7 20  5 -67.4   5.9  8.468  50.3
 339/20 44  46.5  9.1 339/21  8  45.9 23.3 20 56  74.4  39.5  0.756  29.9
 339/21 34 -46.1 20.8 339/22  0 -48.4 11.6 21 49 -69.2  10.4  5.838  60.8
 339/22 26  45.6  9.2 339/22 50  46.5 23.4 22 38  75.0  59.7  0.764  45.7
 340/ 0  8  47.5  9.3 340/ 0 32  49.8 23.3  0 20  76.3  21.7  0.789  17.1
 340/ 1  1 -47.3 20.8 340/ 1 23 -55.8 10.7  1 14 -79.5  12.6  1.646  20.7
 340/ 1 49  47.4  9.1 340/ 2 14  53.9 22.9  2  2  78.7  44.1  0.746  32.9
 340/ 2 42 -46.6 21.4 340/ 3  5 -55.1 10.2  2 55 -85.1  19.0  1.187  22.5
 340/ 3 30  46.6  9.3 340/ 3 56  54.2 22.5  3 44  82.8  35.8  0.804  28.8
 340/ 4 22 -45.3 22.2 340/ 4 47 -52.1 10.2  4 36 -86.2  38.7  0.998  38.6
 340/ 5 11  45.2  9.9 340/ 5 37  52.4 22.5  5 26  87.5  62.3  0.815  50.8
 340/ 6  2 -45.4 22.8 340/ 6 27 -53.5 10.3  6 16 -83.7  30.7  0.891  27.4
 340/ 6 53  46.9 10.2 340/ 7 19  45.4 22.5  7  6  87.6  37.4  0.899  33.7
 340/ 7 42 -45.3 22.9 340/ 8  9 -49.3 10.4  7 55 -82.3  28.0  0.865  24.2
 340/ 8 34  46.7 10.5 340/ 8 59  45.6 22.5  8 46  86.3 108.1  0.852  92.1
 340/ 9 22 -45.2 22.8 340/ 9 50 -47.1 10.3  9 35 -83.0  36.1  0.841  30.4
 340/10 14  45.0 10.7 340/10 39  46.5 22.7 10 27  86.8  53.8  0.952  51.2
 340/11  3 -47.9 22.6 340/11 30 -45.3 10.3 11 15 -85.3  75.0  0.859  64.5
 340/11 54  45.8 10.8 340/12 20  46.1 23.0 12  7  86.9  39.1  0.946  37.0
 340/12 44 -49.1 22.2 340/13  9 -46.8 10.6 12 55 -84.5  21.1  1.057  22.3
 340/13 35  50.2 10.4 340/14  1  48.0 23.1 13 47  85.1  69.6  0.856  59.6
 340/14 25 -48.6 21.8 340/14 50 -45.6 11.1 14 37 -79.4  98.1  1.025 100.5
 340/15 16  49.7  9.8 340/15 43  47.4 23.1 15 29  81.3  24.4  0.859  20.9
 340/16  7 -49.6 21.4 340/16 31 -47.3 11.8 16 18 -73.8  11.4  1.958  22.2
 340/16 58  47.7  9.3 340/17 25  45.8 23.0 17 11  77.7  42.0  0.766  32.1
 340/17 48 -46.0 21.4 340/18 14 -46.3 11.9 18  1 -69.7   9.4  3.956  37.3
 340/18 41  47.6  9.0 340/19  6  47.0 23.1 18 54  75.2  84.6  0.760  64.3
 340/19 31 -48.0 21.1 340/19 57 -46.8 11.9 19 45 -67.5   3.1 11.754  36.9
 340/20 24  47.6  9.0 340/20 48  45.2 23.2 20 36  74.4  97.8  0.790  77.3
 340/21 13 -45.5 21.0 340/21 40 -47.1 11.6 21 29 -68.5   5.5  8.551  47.3
 340/22  6  46.3  9.2 340/22 30  45.4 23.3 22 18  74.7  40.9  0.764  31.2
 340/22 58 -47.1 20.6 340/23 22 -49.9 11.3 23 12 -72.5   9.0  3.202  28.7
 341/ 0 40 -45.1 20.8 341/ 1  4 -51.5 10.6  0 54 -78.1  38.9  1.388  54.0
 341/ 1 29  47.5  9.2 341/ 1 54  52.6 22.9  1 42  78.0  29.3  0.761  22.3
 341/ 2 22 -46.7 21.2 341/ 2 45 -54.5 10.2  2 35 -84.1  12.2  1.324  16.1
 341/ 4  6 -57.8 22.1 341/ 4 27 -52.0 10.2  4 16 -87.6  20.9  1.008  21.0
 341/ 4 51  45.7  9.8 341/ 5 17  52.8 22.4  5  6  86.6  23.3  0.870  20.3
 341/ 5 43 -48.0 22.8 341/ 6  8 -50.7 10.4  5 56 -84.0  14.8  0.960  14.2
 341/ 6 33  47.3 10.1 341/ 6 58  49.4 22.4  6 46  88.3   8.9  1.014   9.1
 341/ 7 23 -48.1 23.0 341/ 7 49 -49.4 10.4  7 35 -82.5  11.9  0.927  11.1
 341/ 8 14  46.7 10.4 341/ 8 39  46.0 22.5  8 26  86.5 213.2  0.851 181.5
 341/ 9  3 -48.1 22.9 341/ 9 31 -45.3 10.4  9 15 -83.0  56.0  0.814  45.5
 341/ 9 55  48.2 10.7 341/10 19  46.7 22.6 10  7  86.8 133.7  0.857 114.6
 341/10 43 -47.6 22.7 341/11 10 -46.0 10.3 10 55 -84.9  85.9  0.833  71.5
 341/11 35  48.5 10.8 341/12  0  45.8 22.9 11 47  87.1 127.3  0.864 110.1
 341/12 24 -49.2 22.3 341/12 49 -47.3 10.6 12 35 -85.1  17.0  1.059  18.0
 341/13 16  53.0 10.5 341/13 41  47.4 23.1 13 27  85.7 114.6  0.814  93.3
 341/14  6 -52.6 21.8 341/14 30 -45.4 11.0 14 16 -80.5  70.0  1.017  71.2
 341/14 56  50.5  9.9 341/15 23  46.8 23.0 15  9  82.2 121.6  0.819  99.6
 341/15 47 -50.5 21.4 341/16 11 -46.5 11.6 15 58 -74.9  14.1  1.692  23.8
 341/16 38  49.1  9.4 341/17  5  45.4 23.0 16 51  78.3 107.4  0.797  85.5
 341/17 29 -49.5 21.2 341/17 54 -45.2 11.9 17 40 -70.4  21.0  2.488  52.4
 341/18 20  46.0  9.1 341/18 46  46.6 23.0 18 33  75.5  95.9  0.765  73.4
 341/19 10 -46.5 21.2 341/19 37 -45.6 11.8 19 24 -67.7   3.7 10.262  37.5
 341/20  3  46.0  9.0 341/20 27  47.9 23.2 20 16  74.4  19.6  0.808  15.8
 341/20 53 -46.7 21.0 341/21 20 -45.8 11.6 21  8 -68.0   4.7 10.030  47.5
 341/21 46  47.1  9.1 341/22  9  47.6 23.4 21 58  74.6  72.6  0.777  56.4
 341/22 37 -46.3 20.6 341/23  2 -48.6 11.3 22 51 -71.5  30.9  2.607  80.6
 342/ 0 20 -45.9 20.7 342/ 0 43 -53.9 10.9  0 33 -77.0  21.1  1.716  36.2
 342/ 1  9  47.8  9.2 342/ 1 34  51.0 23.0  1 22  77.5  42.8  0.747  32.0
 342/ 2  2 -46.9 21.1 342/ 2 25 -53.9 10.2  2 15 -83.0  20.0  1.278  25.6
 342/ 2 50  47.3  9.2 342/ 3 16  53.3 22.5  3  4  81.0  14.4  0.850  12.2
 342/ 3 43 -47.8 21.9 342/ 4  6 -55.1 10.1  3 56 -87.2  21.7  1.041  22.6
 342/ 4 31  46.1  9.6 342/ 4 57  53.2 22.4  4 46  85.7  77.1  0.799  61.6
 342/ 5 23 -47.5 22.7 342/ 5 48 -50.8 10.3  5 36 -84.6  16.9  0.950  16.1
 342/ 6 13  47.7 10.1 342/ 6 39  46.4 22.5  6 26  88.3  21.1  0.917  19.3
 342/ 7  3 -47.6 23.0 342/ 7 29 -49.5 10.4  7 16 -82.6  17.5  0.906  15.8
 342/ 7 54  46.9 10.3 342/ 8 19  46.5 22.5  8  6  86.7  50.7  0.930  47.2
 342/ 8 43 -47.6 22.9 342/ 9 10 -48.0 10.4  8 55 -82.7  29.4  0.858  25.2
 342/ 9 35  48.0 10.6 342/ 9 59  46.9 22.6  9 47  86.5   8.4  1.089   9.2
 342/10 23 -47.4 22.7 342/10 50 -46.8 10.3 10 35 -84.4   8.7  0.996   8.7
 342/11 15  47.8 10.8 342/11 40  45.6 22.9 11 27  87.1  49.9  0.960  47.9
 342/12  4 -49.3 22.4 342/12 30 -45.0 10.5 12 15 -85.5  26.8  1.016  27.2
 342/12 55  49.2 10.6 342/13 21  46.8 23.1 13  7  86.0 111.1  0.838  93.1
 342/13 45 -49.4 22.0 342/14 10 -45.4 10.9 13 56 -81.6  17.0  1.197  20.4
 342/14 36  51.0 10.0 342/15  3  46.2 23.0 14 48  83.0  35.9  0.861  30.9
 342/15 27 -51.3 21.5 342/15 51 -45.9 11.5 15 38 -75.9   5.5  1.797   9.9
 342/16 18  50.4  9.4 342/16 44  48.0 23.1 16 30  79.0  28.5  0.819  23.4
 342/17  8 -47.7 21.3 342/17 33 -46.6 11.9 17 20 -71.1   2.1  6.009  12.5
 342/18  0  47.4  9.1 342/18 26  46.1 23.0 18 13  76.0  16.2  0.840  13.6
 342/18 50 -47.2 21.2 342/19 16 -46.9 11.9 19  3 -68.0   3.7  9.099  34.1
 342/19 43  47.2  9.0 342/20  7  47.3 23.2 19 55  74.6  16.2  0.826  13.4
 342/20 32 -45.9 21.1 342/20 59 -47.3 11.7 20 47 -67.8   8.6  7.804  67.5
 343/ 0  0 -47.0 20.6 343/ 0 24 -49.5 10.8  0 13 -75.7  10.1  2.076  21.0
 343/ 0 49  47.9  9.2 343/ 1 14  49.4 23.1  1  1  77.1   8.0  0.895   7.2
 343/ 1 42 -47.1 21.0 343/ 2  4 -56.6 10.4  1 55 -81.9   9.4  1.456  13.8
 343/ 2 30  47.7  9.1 343/ 2 56  52.5 22.6  2 44  80.2   5.7  0.984   5.6
 343/ 3 23 -47.6 21.7 343/ 3 46 -54.9 10.1  3 36 -86.7   8.2  1.227  10.0
 343/ 4 11  46.6  9.5 343/ 4 37  53.3 22.4  4 25  84.8   5.1  1.035   5.3
 343/ 5  3 -47.1 22.5 343/ 5 28 -51.0 10.3  5 16 -85.1   9.6  1.040  10.0
 343/ 5 52  45.1 10.0 343/ 6 18  50.4 22.4  6  6  88.6   3.0  1.170   3.5
 343/ 6 43 -47.2 22.9 343/ 7  9 -49.5 10.4  6 56 -82.9   8.8  0.974   8.6
 343/ 7 34  47.1 10.3 343/ 7 59  46.9 22.4  7 47  87.1   2.2  1.202   2.7
 343/ 8 23 -47.2 22.9 343/ 8 50 -48.3 10.4  8 35 -82.4   6.4  1.018   6.5
 343/ 9 15  47.8 10.6 343/ 9 39  47.2 22.5  9 27  86.5   1.8  1.189   2.2
 343/10  3 -47.0 22.8 343/10 31 -45.1 10.3 10 15 -83.9   5.8  1.056   6.1
 343/10 55  47.1 10.8 343/11 20  45.4 22.8 11  7  87.0   1.9  1.192   2.2
 343/11 44 -49.3 22.5 343/12 10 -45.6 10.4 11 55 -85.7   3.8  1.143   4.4
 343/14 17  54.4 10.1 343/14 43  45.5 23.0 14 28  83.8   8.1  0.973   7.9
 343/15  7 -52.0 21.5 343/15 31 -45.4 11.4 15 18 -77.0   3.3  1.641   5.4
 343/15 58  51.7  9.5 343/16 24  47.5 23.0 16 10  79.7   2.5  1.187   3.0
 343/16 48 -48.6 21.3 343/17 13 -45.6 11.8 16 60 -72.0   1.8  4.947   9.1
 343/17 39  45.7  9.2 343/18  6  45.8 23.0 17 53  76.4   1.7  1.283   2.2
 343/18 30 -47.9 21.2 343/18 56 -45.6 11.8 18 43 -68.5   2.5 10.701  27.1
 343/19 22  45.7  9.0 343/19 47  46.9 23.1 19 35  74.6   2.0  1.258   2.5
 343/20 12 -46.9 21.1 343/20 39 -45.9 11.7 20 27 -67.5   3.8 11.741  44.7
 343/21  5  46.2  9.1 343/21 29  45.7 23.3 21 17  74.4   1.9  1.190   2.3
 343/21 55 -45.2 20.8 343/22 21 -49.0 11.5 22 10 -69.9   8.9  5.302  47.4
 343/22 47  45.8  9.2 343/23 11  46.9 23.4 22 59  75.2   1.9  1.130   2.1
 344/ 0 29  48.1  9.2 344/ 0 53  50.6 23.2  0 41  76.7   1.5  1.150   1.7
 344/ 1 22 -47.6 20.9 344/ 1 44 -55.8 10.5  1 35 -80.7  12.4  1.545  19.1
 344/ 2 10  47.9  9.1 344/ 2 35  54.4 22.7  2 23  79.4   1.4  1.110   1.6
 344/ 3  3 -47.5 21.5 344/ 3 26 -54.6 10.1  3 16 -86.0   6.7  1.274   8.5
 344/ 3 51  47.0  9.4 344/ 4 17  53.4 22.4  4  5  83.8  10.0  0.910   9.1
 344/ 4 43 -46.6 22.4 344/ 5  7 -54.3 10.2  4 56 -86.1   8.7  1.083   9.4
 344/ 5 32  45.6  9.9 344/ 5 58  50.9 22.4  5 46  88.2   5.8  1.042   6.1
 344/ 6 23 -46.7 22.9 344/ 6 49 -49.6 10.4  6 36 -83.2  16.4  0.929  15.2
 344/ 7 14  47.4 10.2 344/ 7 39  47.4 22.4  7 27  87.6   7.9  1.045   8.3
 344/ 8  3 -46.8 22.9 344/ 8 30 -48.5 10.4  8 16 -82.3  11.4  0.927  10.6
 344/ 8 55  47.7 10.5 344/ 9 19  47.5 22.5  9  7  86.6 136.4  0.874 119.1
 344/ 9 43 -46.6 22.8 344/10 11 -45.9 10.3  9 55 -83.5  62.9  0.824  51.8
 344/10 35  46.5 10.7 344/11  0  45.4 22.7 10 47  86.8  41.1  0.960  39.4
 344/11 24 -49.2 22.6 344/11 50 -46.3 10.4 11 35 -85.7  15.2  0.986  15.0
 344/13  5 -51.5 22.0 344/13 30 -45.7 10.7 13 16 -83.1  38.2  1.038  39.7
 344/15 38  52.8  9.6 344/16  4  47.0 23.0 15 50  80.6  46.8  0.809  37.9
 344/16 29 -52.5 21.1 344/16 52 -47.3 11.8 16 39 -72.9  30.8  1.570  48.4
 344/18 10 -48.6 21.1 344/18 35 -46.9 11.9 18 22 -69.0  24.2  2.913  70.5
 344/19  2  47.0  9.0 344/19 27  46.4 23.0 19 15  74.9  26.5  0.786  20.8
 344/19 51 -45.6 21.2 344/20 18 -47.4 11.8 20  6 -67.4   8.8  7.336  64.7
 345/ 0  8  45.2  9.3 345/ 0 34  46.0 23.1  0 21  76.2  23.0  0.784  18.1
 345/ 1  1 -45.2 20.8 345/ 1 25 -51.5 10.5  1 15 -79.3  10.6  1.643  17.3
 345/ 1 49  45.1  9.2 345/ 2 15  53.2 22.8  2  3  78.7  10.4  0.877   9.1
 345/ 2 43 -47.5 21.3 345/ 3  6 -54.1 10.1  2 56 -85.2  14.7  1.228  18.0
 345/ 3 31  47.4  9.3 345/ 3 56  56.4 22.5  3 45  82.8  28.9  0.815  23.5
 345/ 4 23 -46.2 22.2 345/ 4 47 -54.4 10.2  4 36 -86.5  15.3  1.032  15.8
 345/ 5 12  46.0  9.8 345/ 5 38  51.3 22.4  5 26  87.6  60.5  0.815  49.4
 345/ 6  3 -46.3 22.8 345/ 6 28 -52.7 10.3  6 16 -83.7  30.1  0.892  26.9
 345/ 6 54  47.8 10.2 345/ 7 19  47.8 22.4  7  7  87.9  78.8  0.836  65.8
 345/ 7 43 -46.3 22.9 345/ 8  9 -51.1 10.3  7 56 -82.3  75.9  0.801  60.8
 345/ 8 35  47.6 10.4 345/ 8 49  83.2 21.9  8 47  88.8   2.5  1.220   3.1
 345/ 9 23 -46.2 22.8 345/ 9 51 -46.4 10.3  9 35 -83.1  68.3  0.805  55.0
 345/10 15  46.0 10.7 345/10 40  45.5 22.7 10 27  86.7  29.0  0.959  27.8
 345/11  4 -49.0 22.6 345/11 30 -47.1 10.3 11 15 -85.5  19.8  0.946  18.7
 345/11 55  46.8 10.8 345/12 21  45.2 22.9 12  8  86.9  68.3  0.906  62.0
 345/12 45 -50.2 22.2 345/13 10 -46.0 10.6 12 56 -84.5  38.3  1.008  38.6
 345/13 36  51.1 10.4 345/14  2  47.1 23.1 13 48  85.1  58.8  0.877  51.5
 345/14 27 -53.2 21.6 345/14 50 -47.7 11.2 14 37 -79.3  43.3  1.071  46.4
 345/18 41  45.5  9.1 345/19  7  46.1 23.0 18 54  75.1  13.2  0.860  11.3
 345/19 31 -46.4 21.2 345/19 58 -46.1 11.8 19 45 -67.5   2.3 13.049  30.6
 345/21 14 -46.0 20.9 345/21 41 -46.3 11.5 21 29 -68.5  18.5  5.408  99.8
 345/22  7  47.1  9.1 345/22 30  47.7 23.4 22 19  74.8 115.7  0.795  92.0
 345/22 58 -45.5 20.6 345/23 23 -49.1 11.2 23 12 -72.5  45.0  2.176  97.9
 346/ 0 41 -45.9 20.8 346/ 1  4 -54.0 10.7  0 54 -78.2  34.8  1.411  49.0
 346/ 1 29  45.3  9.2 346/ 1 55  51.7 22.9  1 43  78.0  58.4  0.766  44.8
 346/ 2 23 -47.6 21.2 346/ 2 46 -53.6 10.1  2 36 -84.1  22.7  1.189  27.0
 346/ 3 11  47.8  9.2 346/ 3 36  56.1 22.5  3 25  81.8  28.6  0.809  23.1
 346/ 4  3 -45.9 22.0 346/ 4 27 -54.4 10.1  4 16 -86.9  46.7  0.990  46.2
 346/ 4 52  46.5  9.7 346/ 5 18  51.7 22.4  5  6  86.8 159.2  0.806 128.4
 346/ 5 43 -45.8 22.7 346/ 6  9 -49.9 10.4  5 56 -84.0  35.2  0.905  31.9
 346/ 7 23 -45.8 22.9 346/ 7 50 -48.7 10.4  7 36 -82.4  20.8  0.889  18.5
 346/ 8 15  47.7 10.4 346/ 8 40  45.0 22.5  8 27  86.5  20.8  0.966  20.1
 346/ 9  3 -45.7 22.8 346/ 9 31 -46.9 10.3  9 16 -82.7  17.0  0.896  15.3
 346/ 9 55  45.6 10.6 346/10 20  45.7 22.6 10  7  86.5  38.7  0.954  36.9
 346/10 43 -45.2 22.6 346/11 11 -45.3 10.3 10 56 -84.5  12.1  0.974  11.7
 346/13 16  51.1 10.5 346/13 42  46.5 23.0 13 28  85.4  25.5  0.912  23.3
 346/14  7 -53.6 21.7 346/14 30 -47.6 11.0 14 17 -80.5  39.9  1.090  43.5
 346/14 57  51.4  9.8 346/15 24  45.9 23.0 15  9  82.1 142.3  0.820 116.6
 346/15 48 -51.4 21.3 346/16 12 -45.7 11.6 15 59 -74.8  76.0  1.071  81.4
 346/16 39  49.9  9.3 346/17  5  47.6 23.0 16 51  78.3  56.9  0.767  43.7
 346/17 30 -50.3 21.1 346/17 54 -47.0 11.9 17 41 -70.4  16.0  2.823  45.2
 346/18 21  46.8  9.1 346/18 47  45.7 23.0 18 34  75.5  57.1  0.747  42.6
 346/19 11 -47.1 21.2 346/19 37 -47.5 11.9 19 25 -67.7   2.1 13.518  28.6
 346/20  4  46.7  9.0 346/20 28  47.0 23.2 20 16  74.5  76.1  0.776  59.1
 346/20 53 -45.3 21.0 346/21 15 -60.8 13.0 21  9 -68.3   1.3 17.851  22.6
 346/21 47  48.0  9.0 346/22 10  46.6 23.3 21 58  74.7  74.2  0.779  57.7
 346/22 38 -46.8 20.6 346/23  3 -47.8 11.2 22 52 -71.6  60.8  2.589 157.3
 347/ 0 21 -46.6 20.7 347/ 0 44 -53.0 10.8  0 34 -77.0 105.3  1.442 151.8
 347/ 1  9  45.5  9.2 347/ 1 35  50.2 22.9  1 22  77.5  56.9  0.770  43.8
 347/ 2  3 -47.8 21.0 347/ 2 26 -53.0 10.2  2 16 -83.0  41.9  1.116  46.8
 347/ 2 50  45.1  9.2 347/ 3 17  52.5 22.4  3  5  81.0  28.2  0.800  22.6
 347/ 3 43 -45.6 21.8 347/ 4  7 -54.2 10.1  3 56 -87.0  31.8  1.034  32.9
 347/ 4 32  47.0  9.6 347/ 4 57  55.5 22.4  4 46  85.7  86.6  0.798  69.1
 347/ 5 23 -45.3 22.6 347/ 5 48 -53.1 10.3  5 37 -84.7  28.4  0.927  26.3
 347/ 6 13  45.4 10.1 347/ 6 39  48.8 22.4  6 27  88.6  64.1  0.853  54.7
 347/ 7  3 -45.4 22.9 347/ 7 29 -51.4 10.3  7 16 -82.6  23.8  0.886  21.1
 347/ 7 55  47.8 10.3 347/ 8 20  45.5 22.4  8  7  86.6  44.5  0.932  41.5
 347/ 8 43 -45.3 22.8 347/ 9 11 -47.3 10.3  8 56 -82.5  17.1  0.892  15.2
 347/ 9 35  45.4 10.6 347/10  0  45.9 22.6  9 47  86.3  24.0  0.966  23.2
 347/10 24 -48.4 22.7 347/10 51 -46.1 10.3 10 36 -84.6  61.3  0.849  52.0
 347/11 15  45.2 10.8 347/11 40  47.9 22.9 11 28  87.2  54.2  0.948  51.3
 347/12  5 -50.4 22.4 347/12 30 -47.0 10.5 12 16 -85.6  20.0  1.006  20.1
 347/12 56  50.0 10.6 347/13 22  45.9 23.0 13  8  86.1  59.4  0.896  53.2
 347/13 47 -54.1 21.8 347/14 10 -47.5 10.9 13 57 -81.7  22.6  1.157  26.1
 347/16 19  51.9  9.3 347/16 45  47.1 23.0 16 31  78.9 110.8  0.813  90.1
 347/17 10 -51.3 21.1 347/17 34 -45.9 11.8 17 21 -71.2   3.6  4.925  18.0
 347/18 50 -45.4 21.3 347/19 17 -46.2 11.8 19  4 -68.1   2.1 13.038  27.8
 347/19 43  45.2  9.0 347/20  8  46.4 23.1 19 56  74.5  70.1  0.760  53.2
 347/20 33 -46.4 21.0 347/21  0 -46.5 11.7 20 48 -67.7   3.9 11.515  45.4
 347/21 26  45.9  9.1 347/21 50  45.7 23.3 21 38  74.5  66.2  0.763  50.5
 347/22 17 -46.2 20.6 347/22 42 -49.6 11.4 22 32 -70.7   5.9  5.179  30.5
 348/ 0  0 -46.7 20.6 348/ 0 24 -51.9 10.9  0 14 -75.8  27.0  1.768  47.7
 348/ 0 49  45.6  9.2 348/ 1 15  48.6 23.0  1  2  77.1  10.4  0.860   8.9
 348/ 1 42 -45.1 21.0 348/ 2  5 -55.7 10.3  1 56 -81.9  12.7  1.421  18.1
 348/ 2 30  45.4  9.1 348/ 2 56  54.6 22.6  2 44  80.1  50.2  0.762  38.3
 348/ 3 23 -45.4 21.6 348/ 3 46 -57.4 10.0  3 37 -86.9  27.3  1.062  29.0
 348/ 4 12  47.4  9.4 348/ 4 37  55.7 22.4  4 26  84.7 146.1  0.787 115.1
 348/ 5  3 -44.9 22.5 348/ 5 28 -53.3 10.2  5 17 -85.2  32.5  0.940  30.5
 348/ 5 53  45.9 10.0 348/ 6 19  49.3 22.4  6  7  88.8  57.2  0.842  48.2
 348/ 6 43 -44.9 22.8 348/ 7 10 -48.8 10.4  6 57 -82.6  66.5  0.817  54.3
 348/ 7 35  48.1 10.3 348/ 8  0  45.9 22.4  7 47  87.0  25.4  0.946  24.1
 348/ 8 24 -48.2 22.9 348/ 8 51 -47.6 10.4  8 36 -82.5  29.9  0.855  25.6
 348/ 9 15  45.2 10.5 348/ 9 40  46.2 22.5  9 28  86.2  24.1  0.971  23.4
 348/10  4 -48.0 22.7 348/10 31 -46.8 10.3 10 16 -84.1  21.5  0.900  19.3
 348/10 56  48.1 10.8 348/11 20  47.8 22.8 11  8  87.2 117.1  0.855 100.2
 348/11 44 -46.8 22.5 348/12 10 -47.6 10.4 11 56 -85.4  33.9  0.978  33.1
 348/12 35  46.1 10.7 348/13  2  45.2 23.0 12 48  86.2  43.1  0.922  39.8
 348/13 26 -50.8 22.0 348/13 50 -47.6 10.8 13 37 -82.7  78.7  0.966  76.0
 348/14 17  52.1 10.1 348/14 43  47.7 23.0 14 29  83.7 154.3  0.813 125.5
 348/15  7 -49.6 21.6 348/15 31 -47.5 11.4 15 18 -77.0  48.9  1.128  55.1
 348/15 58  49.4  9.5 348/16 25  46.7 23.0 16 11  79.7  44.5  0.802  35.7
 348/16 49 -49.4 21.2 348/17 13 -47.5 11.9 17  0 -71.9   8.5  2.945  25.0
 348/17 40  46.5  9.2 348/18  6  48.0 23.0 17 53  76.4 121.1  0.771  93.4
 348/18 30 -46.0 21.3 348/18 57 -44.9 11.7 18 43 -68.4   4.6  7.525  34.5
 348/19 23  46.4  9.0 348/19 48  46.0 23.0 19 36  74.6  42.0  0.749  31.5
 348/20 12 -45.4 21.1 348/20 40 -45.2 11.6 20 27 -67.5  40.9  5.912 242.0
 348/21  6  46.9  9.0 348/21 29  48.1 23.3 21 18  74.5 102.2  0.794  81.1
 348/21 56 -45.7 20.7 348/22 22 -48.2 11.4 22 11 -69.9  18.7  3.966  74.1
 348/22 48  46.7  9.2 348/23 12  46.0 23.3 22 60  75.1  77.7  0.794  61.7
 349/ 0 29  45.8  9.2 349/ 0 54  49.8 23.1  0 42  76.6  70.7  0.793  56.1
 349/ 1 22 -45.5 20.9 349/ 1 45 -54.9 10.4  1 35 -80.7  26.1  1.324  34.5
 349/ 2 10  45.7  9.1 349/ 2 36  53.6 22.7  2 24  79.4  32.3  0.768  24.9
 349/ 3  3 -45.3 21.4 349/ 3 27 -53.7 10.0  3 17 -85.9  24.3  1.087  26.4
 349/ 4 44 -47.5 22.3 349/ 5  8 -53.4 10.2  4 57 -85.9  23.0  0.960  22.1
 349/ 5 33  46.4  9.9 349/ 5 59  49.8 22.4  5 47  88.2  52.5  0.837  43.9
 349/ 6 24 -47.7 22.8 349/ 6 50 -48.8 10.4  6 37 -83.2  21.8  0.904  19.8
 349/ 7 14  45.1 10.2 349/ 7 40  46.4 22.4  7 27  87.1  15.5  0.978  15.2
 349/ 8  4 -47.8 22.9 349/ 8 30 -50.2 10.3  8 16 -82.4  26.0  0.865  22.5
 349/ 8 55  45.0 10.5 349/ 9 10  81.8 22.0  9  8  87.4   2.6  1.225   3.2
 349/12 16  49.2 10.7 349/12 41  47.9 23.0 12 28  86.6   7.7  1.050   8.1
 349/13  6 -51.1 22.1 349/13 30 -47.8 10.7 13 17 -83.6  37.9  1.039  39.4
 349/13 56  49.0 10.3 349/14 23  47.0 23.0 14  9  84.3  30.2  0.884  26.7
 349/14 47 -50.2 21.6 349/15 11 -47.2 11.3 14 58 -78.1   9.9  1.426  14.2
 349/15 38  50.5  9.6 349/16  5  46.1 23.0 15 51  80.5  39.1  0.821  32.1
 349/16 29 -50.4 21.2 349/16 53 -46.6 11.8 16 40 -72.9  10.8  2.318  25.0
 350/ 4 24 -47.2 22.1 350/ 4 48 -53.5 10.1  4 37 -86.4  24.9  1.003  25.0
 350/ 5 13  46.9  9.8 350/ 5 39  50.3 22.4  5 27  87.5  29.6  0.867  25.6
 350/ 6  4 -47.2 22.8 350/ 6 29 -51.8 10.3  6 17 -83.7  16.6  0.938  15.6
 350/ 6 54  45.4 10.2 350/ 7 20  46.8 22.4  7  7  87.6  20.6  0.937  19.3
 350/ 7 44 -47.3 22.9 350/ 8 10 -50.4 10.3  7 57 -82.4  11.4  0.929  10.6
 350/ 8 35  45.1 10.4 350/ 8 50  82.2 22.0  8 48  89.1   2.1  1.231   2.6
 350/11  5 -50.1 22.6 350/11 31 -46.4 10.3 11 16 -85.6  22.7  0.939  21.4
 350/11 56  47.8 10.8 350/12 21  47.5 22.9 12  8  87.2  31.2  0.944  29.5
 350/12 46 -51.3 22.2 350/13 11 -45.2 10.6 12 57 -84.5  15.1  1.109  16.8
 350/13 37  52.0 10.4 350/14  3  46.3 23.0 13 49  85.1  12.2  0.950  11.6
 350/14 28 -54.2 21.6 350/14 51 -46.9 11.1 14 38 -79.3   3.8  1.384   5.3
 350/15 18  51.5  9.7 350/15 45  45.6 22.9 15 30  81.3  10.5  0.922   9.7
 350/16  8 -48.4 21.4 350/16 33 -45.8 11.6 16 20 -73.7   2.2  2.768   6.1
 350/16 59  46.3  9.3 350/17 26  47.1 23.0 17 13  77.5   5.5  1.041   5.7
 350/17 50 -47.6 21.2 350/18 16 -45.0 11.8 18  2 -69.6   2.1  8.602  17.7
 350/20 25  46.3  9.0 350/20 49  46.6 23.2 20 37  74.4  11.9  0.857  10.2
 350/21 15 -46.5 20.8 350/21 42 -45.5 11.4 21 30 -68.5   4.6  9.690  44.6
 350/22  8  48.0  9.1 350/22 31  46.7 23.3 22 19  74.8  13.0  0.828  10.8
 350/22 59 -46.1 20.6 350/23 24 -48.3 11.1 23 13 -72.5   5.8  3.657  21.2
 351/ 0 42 -46.7 20.7 351/ 1  5 -53.1 10.6  0 55 -78.2  17.8  1.637  29.1
 351/ 1 30  46.2  9.1 351/ 1 55  53.8 22.9  1 44  78.1  11.8  0.856  10.1
 351/ 2 23 -45.4 21.1 351/ 2 46 -56.1 10.1  2 36 -84.2   9.7  1.354  13.1
 351/ 3 11  45.6  9.2 351/ 3 37  55.1 22.4  3 26  81.9  18.7  0.834  15.6
 351/ 4  4 -46.8 21.9 351/ 4 28 -53.4 10.1  4 17 -86.8  16.2  1.043  16.9
 351/ 4 53  47.4  9.6 351/ 5  9  83.0  0.4  5  7  85.5   7.5  0.977   7.3
 351/ 5 44 -46.7 22.7 351/ 6  9 -52.0 10.3  5 57 -84.2  14.6  0.960  14.0
 351/ 6 34  45.9 10.1 351/ 7  0  47.3 22.4  6 48  88.0   7.7  1.028   7.9
 351/ 7 24 -46.8 22.9 351/ 7 51 -48.0 10.4  7 37 -82.4  10.3  0.943   9.7
 351/ 8 15  45.2 10.3 351/ 8 40  47.3 22.4  8 28  86.6   4.2  1.145   4.8
 351/ 9  4 -46.8 22.8 351/ 9 32 -46.3 10.3  9 16 -82.9   7.2  0.995   7.1
 351/ 9 56  46.7 10.6 351/10 20  48.0 22.6 10  8  86.8   3.7  1.175   4.3
 351/10 44 -46.3 22.6 351/11 11 -47.1 10.2 10 56 -84.7   7.5  1.041   7.8
 351/11 36  47.0 10.8 351/12  1  47.1 22.9 11 48  87.2   4.1  1.144   4.7
 351/12 25 -47.8 22.3 351/12 51 -45.6 10.5 12 37 -85.0  12.0  1.118  13.4
 351/13 17  51.6 10.5 351/13 43  45.6 23.0 13 29  85.6  23.1  0.914  21.1
 351/14  8 -54.7 21.6 351/14 31 -46.7 11.0 14 18 -80.5  83.1  1.013  84.2
 351/14 58  52.3  9.8 351/15 24  48.0 23.0 15 10  82.2  22.4  0.873  19.6
 351/15 49 -52.3 21.3 351/16 13 -44.9 11.5 15 60 -74.9   3.8  2.200   8.3
 351/16 40  50.8  9.2 351/17  6  46.7 22.9 16 52  78.2  12.2  0.897  10.9
 351/17 30 -48.4 21.2 351/17 55 -46.3 11.9 17 42 -70.3   2.2  7.274  15.8
 351/18 22  47.6  9.0 351/18 47  47.9 23.0 18 35  75.5  30.2  0.771  23.2
 351/19 12 -47.8 21.1 351/19 38 -46.8 11.8 19 25 -67.8   3.2 10.695  34.5
 351/20  5  47.5  8.9 351/20 29  46.0 23.1 20 17  74.4  19.2  0.809  15.5
 351/20 54 -45.9 20.9 351/21 21 -47.1 11.6 21  9 -68.1   4.7 10.084  47.4
 351/21 47  45.8  9.1 351/22 11  45.6 23.3 21 59  74.6  12.0  0.844  10.2
 351/22 38 -45.4 20.6 351/23  3 -50.1 11.3 22 53 -71.6   5.7  4.488  25.6
 352/ 0 22 -47.4 20.6 352/ 0 45 -52.1 10.7  0 35 -77.0   8.0  1.874  14.9
 352/ 1 10  46.4  9.1 352/ 1 36  49.4 22.9  1 23  77.5   8.9  0.883   7.9
 352/ 2  3 -45.6 21.0 352/ 2 26 -55.4 10.2  2 16 -83.2   9.9  1.397  13.8
 352/ 2 51  45.9  9.1 352/ 3 17  54.5 22.5  3  5  81.1  16.9  0.839  14.1
 352/ 3 44 -46.6 21.8 352/ 4  7 -56.6 10.0  3 57 -87.2   7.4  1.182   8.7
 352/ 4 33  47.9  9.5 352/ 4 58  54.5 22.3  4 47  85.7   3.5  1.112   3.9
 352/ 5 24 -46.3 22.6 352/ 5 49 -52.1 10.2  5 37 -84.7   9.0  1.029   9.3
 352/ 6 14  46.3 10.0 352/ 6 40  47.7 22.4  6 28  88.4   3.0  1.182   3.6
 352/ 7  4 -46.4 22.9 352/ 7 30 -50.6 10.3  7 17 -82.6   7.2  1.004   7.2
 352/ 7 55  45.4 10.3 352/ 8 20  47.7 22.4  8  8  86.9   2.5  1.206   3.0
 352/ 8 44 -46.3 22.8 352/ 9 12 -46.7 10.3  8 56 -82.5   7.7  0.973   7.5
 352/ 9 36  46.4 10.5 352/10  0  48.2 22.5  9 48  86.6   3.0  1.189   3.6
 352/10 25 -49.5 22.7 352/10 52 -45.4 10.2 10 36 -84.7   9.8  0.988   9.7
 352/11 16  46.3 10.8 352/11 41  46.9 22.8 11 28  87.0   5.9  1.108   6.5
 352/12  6 -51.5 22.3 352/12 31 -46.2 10.4 12 17 -85.7   5.5  1.175   6.5
 352/12 57  51.0 10.6 352/13 22  48.0 23.0 13  9  86.2   5.4  1.077   5.9
 352/13 47 -51.6 21.8 352/14 11 -46.7 10.9 13 58 -81.6   7.2  1.333   9.6
 352/14 38  52.8  9.9 352/15  4  47.4 23.0 14 50  82.9   6.6  1.019   6.7
 352/15 28 -49.9 21.4 352/15 52 -47.2 11.5 15 39 -75.9  16.5  1.518  25.0
 352/16 19  49.0  9.4 352/16 46  46.2 22.9 16 32  78.9 108.2  0.812  87.9
 352/17 10 -49.4 21.1 352/17 35 -45.2 11.8 17 22 -71.0  32.4  1.932  62.6
 352/18  1  46.0  9.1 352/18 27  47.4 22.9 18 14  75.9 133.8  0.783 104.7
 352/18 51 -46.1 21.2 352/19 18 -45.5 11.7 19  5 -68.0   8.4  5.853  49.3
 352/19 44  45.9  8.9 352/20  9  45.4 23.0 19 57  74.4 246.6  0.783 193.2
 352/20 33 -45.0 21.1 352/21  1 -45.8 11.6 20 49 -67.7   4.6 10.226  47.4
 352/21 27  46.7  9.0 352/21 50  48.0 23.3 21 39  74.5  46.0  0.760  35.0
 352/22 18 -46.8 20.6 352/22 43 -48.7 11.3 22 32 -70.7   5.6  5.365  29.9
 353/ 0  1 -45.7 20.6 353/ 0 25 -51.0 10.8  0 15 -75.8  23.8  1.789  42.6
 353/ 0 50  46.5  9.2 353/ 1 16  47.8 22.9  1  3  77.0  31.0  0.757  23.5
 353/ 1 43 -45.9 20.9 353/ 2  6 -54.7 10.2  1 56 -81.9  12.4  1.422  17.6
 353/ 2 31  46.3  9.1 353/ 2 57  53.7 22.5  2 45  80.2  13.2  0.853  11.3
 353/ 3 24 -46.4 21.6 353/ 3 47 -56.4 10.0  3 37 -86.8   8.1  1.226   9.9
 353/ 4 12  45.2  9.4 353/ 4 38  54.6 22.3  4 27  84.8   6.5  0.990   6.5
 353/ 5  4 -45.9 22.4 353/ 5 29 -52.4 10.2  5 18 -85.2  40.4  0.936  37.8
 353/ 5 54  46.8  9.9 353/ 6 20  48.2 22.4  6  8  88.4  25.9  0.899  23.3
 353/ 6 44 -46.0 22.8 353/ 7 11 -48.0 10.4  6 57 -82.6  15.5  0.920  14.2
 353/ 7 35  45.7 10.2 353/ 7 50  83.4 22.1  7 48  90.0   6.6  1.085   7.2
 353/10  4 -45.6 22.7 353/10 32 -46.1 10.2 10 16 -83.9  10.0  0.971   9.8
 353/10 56  45.6 10.7 353/11 21  46.7 22.8 11  9  87.0  22.8  0.959  21.8
 353/11 46 -51.5 22.4 353/12 11 -46.8 10.4 11 57 -86.0  10.0  1.078  10.7
 353/13 27 -51.9 21.9 353/13 51 -46.8 10.8 13 38 -82.6  10.8  1.259  13.6
 353/15 59  50.3  9.4 353/16 26  45.7 22.9 16 12  79.7  67.1  0.789  53.0
 353/16 50 -50.3 21.1 353/17 14 -46.8 11.8 17  1 -72.0   2.8  4.353  12.2
 353/17 41  47.4  9.1 353/18  7  47.0 22.9 17 54  76.4  44.8  0.742  33.3
 353/18 31 -46.8 21.2 353/18 57 -46.8 11.8 18 44 -68.5   2.7 10.417  27.8
 353/19 24  47.2  8.9 353/19 48  48.2 23.1 19 37  74.7  28.8  0.780  22.4
 353/20 13 -46.0 21.1 353/20 40 -47.2 11.7 20 28 -67.6   3.9 11.533  45.2
 353/21  7  47.8  8.9 353/21 30  47.0 23.2 21 19  74.5  14.1  0.824  11.6
 353/21 57 -46.2 20.6 353/22 23 -47.4 11.4 22 12 -69.9   4.8  7.158  34.1
 353/22 49  47.6  9.1 353/23 13  45.0 23.2 23  0  75.2  31.1  0.776  24.1
 354/ 0 30  46.8  9.2 354/ 0 55  48.9 23.1  0 43  76.6  30.3  0.768  23.3
 354/ 1 23 -46.4 20.8 354/ 1 46 -53.9 10.3  1 36 -80.7  26.4  1.318  34.8
 354/ 2 11  46.6  9.0 354/ 2 37  52.7 22.6  2 25  79.4  40.1  0.756  30.3
 354/ 3  4 -46.3 21.4 354/ 3 27 -56.1 10.0  3 17 -86.2  15.2  1.167  17.8
 354/ 3 52  45.6  9.3 354/ 4 18  54.7 22.3  4  7  83.8  19.7  0.849  16.7
 354/ 4 44 -45.5 22.3 354/ 5  8 -55.6 10.1  4 58 -86.1  10.0  1.055  10.5
 354/ 5 34  47.3  9.8 354/ 6  0  48.7 22.3  5 48  88.1   6.7  1.019   6.9
 354/ 6 24 -45.5 22.8 354/ 6 51 -48.0 10.4  6 37 -82.9   7.5  1.005   7.6
 354/ 7 15  46.0 10.2 354/ 7 41  45.3 22.4  7 28  87.0   3.7  1.155   4.3
 354/ 8  4 -45.5 22.8 354/ 8 31 -49.5 10.3  8 17 -82.3   6.0  1.029   6.2
 354/ 8 56  46.1 10.4 354/ 9 21  45.5 22.4  9  8  86.5   3.8  1.177   4.5
 354/ 9 44 -45.3 22.7 354/10 12 -46.8 10.2  9 57 -83.4   7.5  0.993   7.4
 354/10 36  45.0 10.7 354/11  1  46.7 22.7 10 49  86.9   2.8  1.188   3.3
 354/11 25 -47.8 22.5 354/11 51 -47.4 10.3 11 37 -85.5   6.3  1.096   6.9
 354/13 57  50.0 10.2 354/14 24  46.1 23.0 14 10  84.2   3.7  1.118   4.1
 354/14 48 -51.2 21.5 354/15 12 -46.3 11.2 14 59 -78.1   3.4  1.439   4.9
 354/17 21  49.8  9.1 354/17 47  46.6 22.9 17 34  76.8   2.9  1.179   3.4
 354/18 11 -47.5 21.1 354/18 37 -45.5 11.8 18 24 -69.0   2.4  9.605  22.9
 354/19  3  45.7  9.0 354/19 28  47.7 23.0 19 16  74.9   5.2  1.007   5.3
 354/19 53 -46.8 21.0 354/20 20 -45.9 11.6 20  7 -67.4   3.2 12.383  40.1
 354/20 46  46.0  9.0 354/21 10  46.3 23.2 20 58  74.3  94.5  0.793  75.0
 354/21 36 -45.8 20.8 354/22  3 -46.0 11.4 21 51 -69.1   4.7  8.512  39.9
 354/22 28  45.1  9.2 354/22 52  46.9 23.3 22 40  74.9  15.1  0.802  12.1
 355/ 0 10  47.0  9.2 355/ 0 35  47.3 23.1  0 22  76.3   5.5  0.947   5.2
 355/ 1  3 -46.9 20.7 355/ 1 26 -53.0 10.4  1 16 -79.5   8.5  1.620  13.7
 355/ 1 51  46.9  9.0 355/ 2 16  54.3 22.8  2  5  78.7  24.0  0.778  18.6
 355/ 2 44 -46.3 21.2 355/ 3  7 -55.7 10.0  2 57 -85.3   9.8  1.278  12.5
 355/ 3 32  46.1  9.2 355/ 3 58  54.5 22.3  3 47  82.8  15.8  0.853  13.5
 355/ 4 24 -45.1 22.1 355/ 4 49 -52.5 10.1  4 38 -86.2  15.3  1.030  15.8
 355/ 5 14  47.9  9.7 355/ 5 30  82.5 23.7  5 28  86.5   6.4  1.018   6.5
 355/ 7 44 -45.1 22.8 355/ 8 12 -47.2 10.4  7 57 -82.1  34.3  0.848  29.1
 355/ 8 36  46.2 10.4 355/ 8 51  81.0 22.0  8 49  88.5   2.7  1.217   3.3
 355/ 9 25 -48.3 22.8 355/ 9 53 -45.1 10.3  9 37 -83.4   8.1  0.970   7.8
 355/10 17  48.2 10.6 355/10 41  46.8 22.6 10 29  86.9   3.4  1.170   4.0
 355/11  5 -47.7 22.5 355/11 32 -45.6 10.2 11 17 -85.2   8.3  1.045   8.7
 355/11 56  45.4 10.7 355/12 22  46.4 22.9 12  9  86.9  14.2  0.986  14.0
 355/12 47 -52.4 22.1 355/13 11 -47.2 10.6 12 57 -84.6   9.9  1.178  11.6
 355/13 37  49.8 10.3 355/14  4  45.3 22.9 13 50  84.9  26.1  0.897  23.4
 355/14 28 -51.8 21.6 355/14 52 -46.0 11.1 14 39 -79.2   4.4  1.395   6.1
 355/15 19  52.4  9.6 355/15 45  47.7 23.0 15 31  81.2   9.4  0.933   8.8
 355/16  9 -49.3 21.3 355/16 34 -45.0 11.6 16 21 -73.7   7.1  2.239  15.9
 355/17  0  47.2  9.2 355/17 27  46.1 22.9 17 13  77.6  11.1  0.910  10.1
 355/17 51 -48.4 21.1 355/18 16 -46.8 11.9 18  3 -69.6   4.2  6.378  26.8
 355/18 43  47.1  8.9 355/19  8  47.3 23.0 18 56  75.1  16.7  0.829  13.8
 355/19 32 -45.5 21.2 355/19 59 -47.3 11.8 19 47 -67.5   3.7 11.164  40.8
 355/20 26  47.1  8.9 355/20 50  45.6 23.1 20 38  74.4  10.6  0.872   9.2
 355/21 15 -45.2 20.9 355/21 42 -47.6 11.5 21 31 -68.7   4.5  9.843  43.9
 355/22  8  45.8  9.1 355/22 32  45.8 23.2 22 20  74.8  12.8  0.831  10.6
 355/23  0 -46.8 20.5 355/23 24 -50.5 11.2 23 14 -72.7   6.3  3.541  22.4
 356/ 0 43 -47.5 20.7 356/ 1  5 -55.4 10.7  0 56 -78.4  20.6  1.588  32.7
 356/ 1 31  47.1  9.1 356/ 1 56  52.9 22.8  1 44  78.1  16.1  0.818  13.2
 356/ 2 24 -46.4 21.1 356/ 2 47 -55.0 10.0  2 37 -84.2  20.7  1.211  25.1
 356/ 4  5 -47.8 21.9 356/ 4 29 -52.5 10.0  4 18 -86.7  15.2  1.052  16.0
 356/ 4 53  45.2  9.6 356/ 5 19  53.0 22.3  5  8  86.7   8.5  0.951   8.1
 356/ 5 45 -47.7 22.7 356/ 6 10 -51.1 10.2  5 58 -84.1  16.4  0.950  15.6
 356/ 6 35  46.8 10.0 356/ 7  1  46.1 22.4  6 48  88.0  14.6  0.967  14.2
 356/ 7 25 -47.9 22.9 356/ 7 52 -47.2 10.4  7 37 -82.4  19.8  0.892  17.7
 356/ 8 16  46.2 10.3 356/ 8 41  46.2 22.4  8 28  86.6  17.7  0.980  17.3
 356/ 9  5 -47.9 22.8 356/ 9 33 -45.6 10.3  9 17 -83.0  19.9  0.886  17.6
 356/ 9 57  47.8 10.6 356/10 21  46.9 22.6 10  9  86.9  69.0  0.899  62.0
 356/10 45 -47.4 22.6 356/11 12 -46.3 10.2 10 57 -84.9  54.4  0.909  49.5
 356/13 17  49.4 10.5 356/13 43  47.7 23.0 13 30  85.5 138.6  0.813 112.7
 356/14  8 -52.2 21.7 356/14 32 -45.8 10.9 14 18 -80.4  18.0  1.251  22.5
 356/14 59  53.2  9.7 356/15 25  47.1 22.9 15 11  82.1  71.9  0.818  58.8
 356/15 49 -50.1 21.3 356/16 13 -47.0 11.6 16  0 -74.8  19.3  1.540  29.7
 356/16 40  48.5  9.3 356/17  7  45.7 22.9 16 53  78.2  40.8  0.769  31.4
 356/17 31 -49.2 21.1 356/17 56 -45.6 11.8 17 43 -70.3  19.0  2.582  49.0
 356/20 55 -46.5 20.9 356/21 22 -46.3 11.5 21 10 -68.1   4.6 10.282  47.1
 356/21 48  46.6  9.0 356/22 11  48.0 23.3 21 60  74.7  47.7  0.766  36.6
 356/22 39 -46.0 20.5 356/23  4 -49.2 11.2 22 53 -71.7   5.1  4.645  23.6
 357/ 0 22 -45.6 20.6 357/ 0 46 -51.1 10.6  0 36 -77.0   8.0  1.866  14.9
 357/ 1 11  47.3  9.1 357/ 1 36  51.4 22.9  1 24  77.6  24.0  0.777  18.6
 357/ 2  4 -46.6 21.0 357/ 2 27 -54.4 10.1  2 17 -83.1  22.3  1.248  27.8
 357/ 2 52  46.9  9.0 357/ 3 18  53.6 22.4  3  6  81.0  18.4  0.832  15.3
 357/ 3 45 -47.6 21.7 357/ 4  8 -55.6 10.0  3 58 -87.2  10.8  1.134  12.2
 357/ 4 33  45.7  9.5 357/ 4 59  53.4 22.3  4 48  85.7  14.1  0.893  12.6
 357/ 5 25 -47.3 22.5 357/ 5 50 -51.2 10.2  5 38 -84.6  37.5  0.926  34.7
 357/ 6 15  47.2 10.0 357/ 6 40  50.1 22.3  6 28  89.0  18.3  0.936  17.1
 357/ 7  5 -47.4 22.8 357/ 7 31 -49.8 10.3  7 18 -82.6  25.6  0.880  22.5
 357/ 7 56  46.4 10.3 357/ 8 21  46.7 22.4  8  9  86.7  10.8  1.031  11.1
 357/ 8 45 -47.4 22.8 357/ 9 12 -48.3 10.3  8 57 -82.7  75.0  0.798  59.8
 357/ 9 37  47.5 10.5 357/10  1  47.1 22.5  9 49  86.6  27.9  0.961  26.9
 357/10 25 -47.1 22.6 357/10 52 -47.1 10.2 10 37 -84.4  29.9  0.894  26.7
 357/11 17  47.4 10.7 357/11 42  45.9 22.8 11 29  87.0  10.5  1.040  10.9
 357/12  6 -49.0 22.3 357/12 32 -45.3 10.4 12 17 -85.5   4.1  1.199   4.9
 357/12 57  48.8 10.5 357/13 23  47.1 23.0 13 10  86.0  70.7  0.870  61.5
 357/13 47 -49.1 21.9 357/14 12 -45.8 10.8 13 58 -81.5  10.7  1.302  13.9
 357/14 38  50.6  9.9 357/15  5  46.5 22.9 14 51  82.8  51.0  0.844  43.0
 357/15 29 -51.0 21.4 357/15 53 -46.3 11.4 15 40 -75.8  24.4  1.366  33.3
 357/16 20  49.9  9.3 357/16 47  45.2 22.9 16 33  79.0  41.5  0.789  32.8
 357/17 11 -50.2 21.1 357/17 35 -47.1 11.8 17 22 -71.1   5.2  4.203  21.9
 357/18  2  46.9  9.0 357/18 28  46.4 22.9 18 15  75.9  14.6  0.850  12.4
 357/18 52 -46.9 21.1 357/19 18 -47.4 11.8 19  5 -68.0   2.6 11.612  29.9
 357/19 45  46.7  8.9 357/20  9  47.6 23.1 19 58  74.5  40.6  0.752  30.5
 357/20 34 -45.6 21.0 357/21  2 -45.0 11.5 20 49 -67.7   4.2 11.025  46.4
 357/21 28  47.6  8.9 357/21 51  46.9 23.2 21 40  74.6  35.4  0.769  27.2
 357/22 18 -45.4 20.6 357/22 44 -47.9 11.3 22 33 -70.8   9.8  4.251  41.8
 358/ 0  2 -46.5 20.6 358/ 0 26 -50.1 10.7  0 15 -75.9  16.3  1.866  30.4
 358/ 0 51  47.5  9.1 358/ 1 16  49.7 23.0  1  4  77.2  11.1  0.854   9.4
 358/ 1 44 -46.8 20.9 358/ 2  7 -53.7 10.2  1 57 -81.9   3.3  1.362   4.5
 358/ 2 32  47.2  9.0 358/ 2 58  52.8 22.4  2 46  80.2   7.6  0.931   7.0
 358/ 3 25 -47.4 21.5 358/ 3 48 -55.4  9.9  3 38 -86.8   6.9  1.237   8.5
 358/ 4 13  46.1  9.4 358/ 4 39  53.6 22.3  4 28  84.8   5.5  1.025   5.6
 358/ 5  5 -46.8 22.4 358/ 5 30 -51.4 10.1  5 18 -85.2   7.4  1.068   7.9
 358/ 5 55  47.7  9.9 358/ 6 20  50.6 22.3  6  8  88.7   2.4  1.174   2.8
 358/ 6 45 -47.0 22.8 358/ 7 11 -49.9 10.3  6 58 -82.8   7.8  0.990   7.7
 358/ 7 36  46.7 10.2 358/ 8  1  47.1 22.3  7 49  87.1   3.8  1.153   4.3
 358/ 8 25 -47.0 22.8 358/ 8 52 -48.6 10.3  8 37 -82.5   8.1  0.959   7.8
 358/ 9 17  47.3 10.5 358/ 9 41  47.4 22.4  9 29  86.6   4.0  1.164   4.7
 358/10  5 -46.7 22.7 358/10 33 -45.4 10.2 10 17 -83.9   7.4  1.008   7.5
 358/10 57  46.7 10.7 358/11 22  45.7 22.7 11  9  87.0   4.2  1.142   4.8
 358/11 46 -49.0 22.4 358/12 12 -45.9 10.3 11 57 -85.7   5.3  1.137   6.0
 358/12 37  48.1 10.6 358/13  3  46.5 22.9 12 50  86.4  42.7  0.923  39.4
 358/13 28 -53.1 21.9 358/13 52 -45.9 10.7 13 38 -82.7  30.1  1.094  32.9
 358/14 19  54.0 10.0 358/14 45  45.8 22.9 14 30  83.7 114.5  0.815  93.3
 358/15  9 -51.7 21.4 358/15 33 -45.8 11.3 15 20 -76.9  30.0  1.256  37.7
 358/16  0  51.2  9.4 358/16 26  47.8 22.9 16 12  79.6  35.9  0.811  29.1
 358/16 51 -51.1 21.0 358/17 15 -46.0 11.7 17  2 -71.9  24.3  1.890  45.9
 358/17 41  45.2  9.2 358/18  8  46.0 22.9 17 55  76.4  40.8  0.741  30.2
 358/18 32 -47.6 21.1 358/18 58 -46.0 11.7 18 45 -68.4   2.7 10.331  28.4
 358/19 24  45.2  8.9 358/19 49  47.2 23.0 19 37  74.7  33.7  0.768  25.9
 358/20 14 -46.6 21.0 358/20 41 -46.4 11.6 20 29 -67.6  10.2  6.956  70.7
 358/21  7  45.7  9.0 358/21 31  46.0 23.2 21 19  74.4 108.7  0.795  86.4
 358/21 58 -46.8 20.6 358/22 24 -46.5 11.3 22 13 -69.9   6.8  6.182  42.3
 358/22 49  45.4  9.2 358/23 13  47.2 23.3 23  1  75.2  34.4  0.773  26.6
 359/ 0 31  47.7  9.1 359/ 0 48  70.1  0.7  0 43  76.7  13.3  0.830  11.0
 359/ 3  5 -47.3 21.4 359/ 3 28 -55.1  9.9  3 18 -86.1  35.0  1.033  36.2
 359/ 3 53  46.6  9.2 359/ 4 19  53.6 22.2  4  7  83.8  22.6  0.842  19.0
 359/ 4 45 -46.4 22.2 359/ 5  9 -54.7 10.0  4 58 -86.0  17.5  0.976  17.1
 359/ 5 34  45.1  9.8 359/ 6  0  51.0 22.3  5 48  88.3  24.0  0.893  21.5
 359/ 6 25 -46.5 22.7 359/ 6 50 -52.8 10.2  6 38 -83.3  17.4  0.923  16.1
 359/ 7 16  47.0 10.1 359/ 7 41  47.6 22.3  7 29  87.4   9.8  1.027  10.0
 359/ 8  5 -46.6 22.8 359/ 8 32 -48.8 10.3  8 18 -82.3  13.3  0.909  12.1
 359/ 8 57  47.3 10.4 359/ 9 21  47.7 22.4  9  9  86.6  30.3  0.961  29.1
 359/ 9 45 -46.4 22.7 359/10 13 -46.1 10.2  9 57 -83.5  13.4  0.929  12.4
 359/10 37  46.1 10.6 359/11  2  45.6 22.6 10 49  86.9   8.4  1.086   9.2
 359/11 26 -49.0 22.4 359/11 52 -46.6 10.3 11 37 -85.6  19.6  0.963  18.8
 359/12 17  47.3 10.7 359/12 43  45.9 22.9 12 30  86.8  17.3  0.947  16.4
 359/13  7 -49.7 22.0 359/13 32 -46.0 10.6 13 18 -83.6  23.9  1.106  26.4
 359/13 59  54.0 10.1 359/14 25  45.1 22.9 14 10  84.4  89.3  0.822  73.3
 359/14 49 -52.3 21.5 359/15 13 -45.4 11.1 14 60 -78.1  35.4  1.152  40.8
 359/15 40  52.3  9.5 359/16  6  47.3 22.9 15 52  80.5  36.2  0.827  29.9
 359/16 30 -49.2 21.2 359/16 55 -45.0 11.6 16 42 -72.8   6.5  2.798  18.1
 359/17 21  46.6  9.1 359/17 48  45.6 22.8 17 34  76.9 123.4  0.798  98.5
 359/18 12 -48.3 21.0 359/18 37 -47.3 11.9 18 24 -69.0   3.0  8.741  26.6
 359/19  4  46.6  8.9 359/19 29  46.7 22.9 19 17  74.8  56.2  0.752  42.2
 359/19 53 -45.3 21.1 359/20 21 -45.1 11.5 20  8 -67.5   4.0 11.238  44.4
 359/20 47  46.8  8.9 359/21 11  45.3 23.1 20 59  74.3  21.1  0.797  16.8
 359/21 37 -46.3 20.7 359/22  4 -45.2 11.3 21 52 -69.2   4.5  8.617  38.7
 359/22 29  46.0  9.1 359/22 53  45.9 23.2 22 41  75.0  19.1  0.791  15.1
 360/ 0 11  48.0  9.1 360/ 0 36  46.4 23.0  0 23  76.3  17.7  0.804  14.2
 360/ 1  3 -45.0 20.7 360/ 1 27 -52.0 10.4  1 17 -79.4   8.8  1.618  14.3
 360/ 1 52  47.8  9.0 360/ 2 17  53.5 22.7  2  5  78.7  11.2  0.869   9.7
 360/ 2 45 -47.3 21.2 360/ 3  8 -54.6 10.0  2 58 -85.2  12.8  1.244  15.9
 360/ 5 16  53.9  9.5 360/ 5 40  51.5 22.3  5 29  86.5  18.6  0.899  16.7
 360/ 6  5 -46.1 22.7 360/ 6 30 -53.0 10.2  6 18 -83.6  19.2  0.926  17.8
 360/ 6 56  47.4 10.1 360/ 7 10  86.4 22.5  7  9  89.2   4.4  1.116   4.9
 360/ 8 37  47.3 10.3 360/ 9  1  48.1 22.4  8 49  86.6  28.8  0.958  27.6
 360/ 9 25 -46.0 22.7 360/ 9 53 -46.7 10.2  9 37 -83.1  13.9  0.910  12.7
 360/10 17  45.7 10.6 360/10 42  45.7 22.6 10 29  86.6  17.2  0.992  17.0
 360/11  6 -48.8 22.5 360/11 32 -47.3 10.2 11 18 -85.4  10.1  1.019  10.2
 360/11 57  46.5 10.7 360/12 23  45.4 22.8 12 10  86.9  15.2  0.978  14.9
 360/12 47 -49.9 22.1 360/13 12 -46.3 10.5 12 58 -84.4  30.5  1.015  31.0
 360/13 38  50.8 10.3 360/14  4  47.4 22.9 13 50  85.0  23.3  0.902  21.0
 360/14 29 -52.9 21.5 360/14 53 -45.1 11.0 14 39 -79.2  24.0  1.215  29.2
 360/18 43  45.0  9.0 360/19  9  46.3 22.9 18 57  75.1  79.5  0.758  60.3
 360/19 33 -46.1 21.1 360/20  0 -46.6 11.7 19 47 -67.6   3.8 11.092  41.7
 360/20 26  45.1  8.9 360/20 50  47.8 23.1 20 39  74.4 110.2  0.792  87.3
 360/21 16 -45.8 20.8 360/21 43 -46.8 11.4 21 32 -68.6   6.7  7.624  51.2
 360/22  9  46.7  9.0 360/22 32  48.0 23.3 22 21  74.8  43.2  0.765  33.0
 360/23  0 -45.2 20.5 360/23 25 -49.6 11.1 23 15 -72.6  22.7  2.419  55.0
 361/ 0 43 -45.6 20.7 361/ 1  6 -54.5 10.6  0 57 -78.3  22.6  1.558  35.2
 361/ 1 32  48.1  9.0 361/ 1 57  52.0 22.8  1 45  78.1  24.4  0.776  18.9
 361/ 2 25 -47.4 21.1 361/ 2 48 -54.0 10.0  2 38 -84.2  13.8  1.295  17.9
 361/ 3 13  47.4  9.0 361/ 3 38  56.3 22.4  3 27  81.9  60.8  0.774  47.1
 361/ 4  5 -45.7 21.8 361/ 4 29 -54.8 10.0  4 19 -86.9  36.4  1.001  36.4
 361/ 4 54  46.1  9.5 361/ 5 10  83.9  0.7  5  9  85.7  16.8  0.894  15.1
 361/ 6 36  47.8 10.0 361/ 7  1  48.5 22.3  6 49  88.2  17.2  0.953  16.4
 361/ 7 25 -45.7 22.8 361/ 7 52 -49.0 10.3  7 38 -82.3  17.1  0.901  15.4
 361/ 8 17  47.3 10.3 361/ 8 42  45.2 22.3  8 29  86.5  15.4  0.991  15.2
 361/ 9  5 -45.5 22.7 361/ 9 33 -47.2 10.2  9 18 -82.7   9.3  0.950   8.8
 361/ 9 57  45.3 10.5 361/10 22  45.8 22.5 10  9  86.5  13.4  1.022  13.7
 361/10 45 -45.0 22.5 361/11 13 -45.5 10.2 10 58 -84.6  15.6  0.948  14.8
 361/11 37  45.7 10.7 361/12  3  45.1 22.8 11 50  86.9  16.4  0.978  16.1
 361/12 27 -50.1 22.2 361/12 52 -46.8 10.4 12 38 -85.1  10.5  1.137  11.9
 361/13 18  50.4 10.4 361/13 44  46.7 22.9 13 30  85.5  90.7  0.812  73.7
 361/14  9 -53.3 21.6 361/14 33 -44.9 10.9 14 19 -80.4  21.5  1.208  26.0
 361/15  0  54.1  9.7 361/15 26  46.1 22.9 15 11  82.0  60.9  0.815  49.7
 361/15 50 -51.1 21.2 361/16 14 -46.1 11.5 16  1 -74.7  18.1  1.575  28.5
 361/16 41  49.4  9.2 361/17  7  47.8 22.9 16 54  78.2 103.0  0.798  82.1
 361/17 32 -50.1 21.0 361/17 57 -44.9 11.7 17 43 -70.3   5.8  4.817  28.0
 361/18 23  46.3  9.0 361/18 49  45.9 22.8 18 36  75.4 124.1  0.766  95.0
 361/19 13 -46.9 21.0 361/19 40 -45.3 11.6 19 27 -67.7   2.2 13.301  29.0
 361/20  6  46.3  8.9 361/20 30  47.2 23.1 20 19  74.4  61.3  0.759  46.5
 361/20 55 -45.1 20.9 361/21 23 -45.5 11.4 21 11 -68.1  14.8  6.109  90.3
 361/21 49  47.6  8.9 361/22 12  46.9 23.2 22  0  74.7  72.9  0.778  56.7
 361/22 40 -46.6 20.5 361/23  5 -48.3 11.1 22 54 -71.7  38.4  2.528  97.0
 362/ 0 23 -46.4 20.6 362/ 0 47 -50.1 10.6  0 36 -77.1  35.1  1.562  54.9
 362/ 1 11  45.2  9.1 362/ 1 29  71.8  0.7  1 25  77.6  44.6  0.746  33.3
 362/ 3 45 -45.4 21.7 362/ 4  9 -54.6  9.9  3 59 -87.0  13.0  1.106  14.3
 362/ 6 15  45.0  9.9 362/ 6 41  49.0 22.3  6 29  88.5  15.4  0.954  14.7
 362/ 7  5 -45.2 22.8 362/ 7 32 -49.0 10.3  7 18 -82.5  13.6  0.918  12.5
 362/ 7 57  47.5 10.2 362/ 8 11  84.3 21.9  8  9  89.2   1.9  1.228   2.4
 362/ 9 37  45.0 10.5 362/10  2  46.0 22.5  9 49  86.4  43.5  0.950  41.3
 362/10 26 -48.2 22.6 362/10 53 -46.3 10.1 10 38 -84.6  47.5  0.868  41.2
 362/11 18  48.5 10.7 362/11 42  48.1 22.8 11 30  87.4  19.7  0.959  18.8
 362/12  7 -50.1 22.3 362/12 32 -47.3 10.4 12 18 -85.6  11.1  1.102  12.2
 362/12 58  49.8 10.5 362/13 24  46.1 22.9 13 10  86.0  41.5  0.908  37.7
 362/13 49 -53.8 21.7 362/14 12 -47.9 10.8 13 59 -81.5  42.8  1.040  44.5
 362/14 40  54.6  9.8 362/15  6  45.5 22.9 14 51  83.0  37.3  0.858  32.0
 362/15 29 -48.7 21.4 362/15 54 -45.5 11.3 15 41 -75.8  15.7  1.542  24.2
 362/18 53 -47.7 21.0 362/19 19 -46.6 11.7 19  6 -68.1   1.9 13.654  26.5
 362/19 46  47.6  8.8 362/20 10  46.6 23.0 19 58  74.6  18.3  0.816  14.9
 362/20 35 -46.2 20.9 362/21  2 -47.0 11.6 20 50 -67.8   3.2 12.827  41.5
 362/21 28  45.5  9.0 362/21 52  45.9 23.2 21 40  74.5  11.0  0.859   9.4
 362/22 19 -46.0 20.5 362/22 44 -50.0 11.3 22 34 -70.8   4.3  6.094  26.2
 363/ 0  3 -47.3 20.5 363/ 0 26 -52.4 10.8  0 16 -75.9  16.9  1.849  31.2
 363/ 0 51  45.3  9.1 363/ 1 17  48.9 22.9  1  4  77.0  30.0  0.759  22.8
 363/ 1 45 -47.8 20.8 363/ 2  8 -52.7 10.1  1 58 -81.9  34.3  1.176  40.4
 363/ 2 32  45.1  9.0 363/ 2 58  54.8 22.5  2 47  80.2  18.0  0.824  14.8
 363/ 3 25 -45.2 21.5 363/ 3 48 -57.8  9.9  3 39 -87.0   8.7  1.217  10.6
 363/ 4 14  47.1  9.3 363/ 4 39  55.9 22.2  4 28  84.8  14.1  0.874  12.3
 363/ 5  6 -47.8 22.3 363/ 5 30 -53.6 10.1  5 19 -85.3   9.9  1.034  10.2
 363/ 5 55  45.6  9.8 363/ 6 21  49.4 22.3  6  9  88.6  24.5  0.902  22.1
 363/ 6 46 -48.0 22.8 363/ 7 12 -49.1 10.3  6 59 -82.9  49.8  0.833  41.5
 363/ 7 37  47.7 10.1 363/ 8  2  46.0 22.3  7 49  86.9  30.5  0.936  28.6
 363/ 8 26 -48.1 22.8 363/ 8 53 -47.8 10.2  8 38 -82.5  49.3  0.816  40.2
 363/ 9 18  48.4 10.4 363/ 9 42  46.3 22.4  9 30  86.6  34.4  0.957  33.0
 363/10  6 -47.9 22.6 363/10 33 -47.0 10.1 10 18 -84.1  17.9  0.919  16.5
 363/10 58  47.8 10.7 363/11 22  47.9 22.7 11 10  87.3  48.2  0.958  46.2
 363/11 47 -50.2 22.3 363/12 13 -45.1 10.3 11 58 -85.9  28.0  0.982  27.5
 363/13 30 -58.8 21.5 363/13 53 -44.9 10.6 13 39 -82.3 140.3  0.981 137.6
 363/14 20  54.9  9.9 363/14 45  47.9 22.9 14 31  83.7  26.3  0.884  23.2
 363/15 10 -52.7 21.3 363/15 34 -44.9 11.2 15 20 -76.9  13.9  1.449  20.1
 363/16  1  52.1  9.3 363/16 27  46.8 22.9 16 13  79.7  17.0  0.869  14.8
 363/16 51 -49.2 21.1 363/17 16 -45.2 11.6 17  3 -71.9   2.1  4.881  10.4
 363/17 42  46.1  9.1 363/18  9  45.0 22.8 17 55  76.4  13.6  0.870  11.9
 363/18 32 -45.8 21.1 363/18 59 -45.3 11.7 18 45 -68.5   1.9 12.246  23.3
 363/19 25  46.1  8.9 363/19 50  46.2 22.9 19 38  74.6  14.2  0.845  12.0
 363/20 14 -45.2 21.0 363/20 42 -45.6 11.5 20 30 -67.5   8.1  7.955  64.6
 363/21  8  46.6  8.9 363/21 31  48.3 23.2 21 20  74.4  15.7  0.809  12.7
 363/21 58 -45.5 20.6 363/22 24 -48.7 11.4 22 13 -70.0   5.0  6.919  34.7
 363/22 50  46.3  9.1 363/23 14  46.2 23.2 23  2  75.2  18.7  0.794  14.8
 364/ 0 31  45.6  9.1 364/ 0 56  50.0 23.0  0 44  76.7  25.1  0.774  19.4
 364/ 1 24 -45.3 20.8 364/ 1 47 -55.3 10.3  1 38 -80.8  13.5  1.520  20.5
 364/ 2 12  45.4  9.0 364/ 2 37  56.7 22.7  2 26  79.4  30.3  0.773  23.4
 364/ 3  5 -45.1 21.3 364/ 3 28 -57.4  9.9  3 19 -86.4  14.6  1.173  17.2
 364/ 3 54  47.6  9.2 364/ 4 20  52.5 22.2  4  8  83.9  67.0  0.775  51.9
 364/ 4 46 -47.4 22.2 364/ 5 10 -53.7 10.0  4 59 -85.9  28.9  0.956  27.6
 364/ 5 35  46.1  9.7 364/ 6  1  49.9 22.2  5 49  88.2  30.8  0.877  27.0
 364/ 6 26 -47.5 22.7 364/ 6 52 -49.1 10.3  6 39 -83.2  15.1  0.933  14.1
 364/ 7 17  48.1 10.1 364/ 7 42  46.5 22.3  7 29  87.3 150.2  0.827 124.2
 364/ 8  6 -47.6 22.8 364/ 8 33 -48.0 10.3  8 18 -82.4  34.1  0.845  28.8
 364/ 8 58  48.4 10.4 364/ 9 12  82.0 21.9  9 10  87.8   5.2  1.142   5.9
 364/11 27 -50.1 22.4 364/11 53 -45.8 10.2 11 38 -85.8 127.6  0.862 110.0
 364/12 18  48.4 10.6 364/12 43  48.1 22.9 12 30  86.8 298.9  0.857 256.2
 364/13  8 -50.9 22.0 364/13 33 -45.1 10.6 13 19 -83.5 299.2  0.985 294.9
 364/13 59  51.9 10.1 364/14 25  47.2 22.9 14 11  84.4  68.1  0.848  57.7
 364/14 49 -50.0 21.5 364/15 13 -47.5 11.2 15  0 -78.0  22.7  1.252  28.5
 364/15 40  50.1  9.5 364/16  7  46.3 22.8 15 53  80.4 137.3  0.809 111.0
 364/16 31 -50.1 21.1 364/16 55 -46.9 11.7 16 42 -72.8  25.9  1.715  44.4
 364/17 22  47.5  9.1 364/17 48  47.7 22.9 17 35  76.9  96.3  0.799  76.9
 364/18 12 -46.6 21.1 364/18 38 -46.6 11.8 18 25 -69.0   9.0  4.846  43.6
 364/19  5  47.4  8.8 364/19 30  45.7 22.9 19 18  74.8 140.0  0.774 108.3
 364/19 54 -46.0 21.0 364/20 21 -47.1 11.6 20  9 -67.4   7.8  7.780  60.8
 364/20 48  47.7  8.8 364/21 11  47.5 23.1 20 60  74.4  91.1  0.791  72.1
 364/21 37 -45.0 20.7 364/22  4 -47.3 11.4 21 53 -69.3   5.4  7.914  42.6
 364/22 30  47.0  9.0 364/22 53  48.2 23.3 22 42  75.0  25.9  0.779  20.2
 365/ 0 11  45.8  9.1 365/ 0 36  48.4 23.1  0 24  76.3  41.0  0.758  31.1
 365/ 1  4 -45.9 20.7 365/ 1 27 -54.4 10.4  1 17 -79.6  36.1  1.292  46.6
 365/ 1 52  45.7  9.0 365/ 2 17  55.4 22.7  2  6  78.8  36.8  0.750  27.6
 365/ 2 45 -45.2 21.2 365/ 3  8 -57.1  9.9  2 59 -85.4  20.6  1.163  24.0
 365/ 3 34  48.0  9.1 365/ 3 59  55.6 22.3  3 48  82.9 205.2  0.787 161.5
 365/ 4 26 -47.0 22.0 365/ 4 50 -53.8 10.0  4 39 -86.4  60.2  0.932  56.1
 365/ 5 15  46.6  9.6 365/ 5 41  50.3 22.2  5 29  87.6 154.4  0.810 125.1
 365/ 6  6 -47.1 22.6 365/ 6 31 -52.1 10.2  6 19 -83.7  43.7  0.866  37.9
 365/ 6 56  45.1 10.0 365/ 7 22  46.9 22.3  7 10  87.6  65.0  0.862  56.1
 365/ 7 46 -47.2 22.8 365/ 8 13 -48.2 10.3  7 59 -82.3  20.3  0.887  18.0
 365/ 8 38  48.4 10.3 365/ 9  2  47.0 22.3  8 50  86.6  37.2  0.945  35.2
 365/ 9 26 -47.1 22.7 365/ 9 54 -45.9 10.2  9 38 -83.2  70.9  0.809  57.3
 365/10 18  46.8 10.6 365/10 42  47.9 22.5 10 30  87.0 138.5  0.860 119.1
 365/11  7 -49.9 22.5 365/11 33 -46.5 10.2 11 18 -85.7  50.8  0.911  46.3
 365/11 58  47.6 10.7 365/12 23  47.6 22.8 12 10  87.1  44.3  0.942  41.8
 365/12 48 -51.1 22.0 365/13 13 -45.4 10.5 12 59 -84.5  62.6  0.958  60.0
 365/13 38  48.6 10.3 365/14  5  46.4 22.9 13 51  84.9  48.6  0.890  43.2
 365/14 29 -50.5 21.6 365/14 53 -47.2 11.0 14 40 -79.2  19.1  1.278  24.4
 365/15 20  51.1  9.5 365/15 47  45.8 22.8 15 32  81.3  62.3  0.803  50.0
 365/16 11 -51.1 21.1 365/16 35 -46.1 11.5 16 22 -73.7  70.1  1.236  86.7
 365/17  2  49.0  9.1 365/17 28  47.3 22.8 17 15  77.4  72.8  0.777  56.6
 365/17 52 -47.4 21.1 365/18 18 -45.4 11.7 18  4 -69.5   2.8  7.467  20.9
 365/18 44  45.9  8.9 365/19 10  45.2 22.8 18 57  75.1  40.4  0.739  29.8
 365/19 34 -46.9 21.0 365/20  1 -45.8 11.6 19 48 -67.5   3.6 11.308  40.2
 365/20 27  46.0  8.9 365/20 51  46.8 23.1 20 39  74.3  82.6  0.779  64.4
