1                       ***** SUMMARY LISTING *****
    SATELLITE ID       12            START OF FILE  2002   1/ 2  8  0
0+-------START-------++--------END--------++---PEAK---++----GIGAWATTS---+
 GMT       CMLAT MLT  GMT       CMLAT MLT  GMT   CMLAT MEAS  CORR   POWER
   1/ 2  8  36.8 18.3   1/ 2 41  37.9  7.3  2 25  78.2  11.1  1.706  18.9
   1/ 3 51  36.1 18.2   1/ 4 23  37.9  7.5  4  8  75.4  28.1  3.407  95.7
   1/12 24  37.9 19.2   1/12 58  35.9  7.8 12 40  81.0  12.1  1.373  16.7
   1/14  5  35.7 19.1   1/14 39  35.9  7.4 14 22  85.0  15.9  1.202  19.1
   1/17 29  35.6 19.0   1/18  0  36.8  7.3 17 44  84.3   5.8  1.010   5.8
   1/19 11  36.1 19.2   1/19 41  35.9  7.4 19 25  85.2  23.2  0.980  22.8
   1/22 32  38.0 19.6   1/23  4  35.7  7.8 22 47  84.8  12.7  1.097  13.9
   2/ 1 54  35.9 18.4   2/ 2 28  36.3  7.3  2 11  78.6  13.8  1.649  22.7
   2/ 3 37  35.2 18.2   2/ 4 10  36.4  7.4  3 54  75.6   7.9  2.688  21.2
   2/ 7  4  36.5 18.9   2/ 7 33  38.1  8.4  7 20  74.9   4.5  3.762  16.8
   2/ 8 47  37.8 19.1   2/ 9 16  36.7  8.7  9  2  76.1   6.9  2.813  19.5
   2/12 10  36.3 19.2   2/12 44  37.1  7.9 12 27  80.5   5.1  1.227   6.2
   2/13 52  37.2 19.1   2/14 25  38.0  7.4 14  9  84.8  13.9  1.208  16.8
   2/17 16  37.5 19.0   2/17 47  35.8  7.3 17 31  84.3  26.5  1.018  27.0
   2/18 58  37.8 19.2   2/19 27  37.8  7.3 19 12  85.4  14.0  0.971  13.6
   2/22 18  35.2 19.7   2/22 50  37.2  7.8 22 34  84.9  16.4  1.080  17.8
   3/ 0  3  50.7 19.0   3/ 0 32  37.5  7.7  0 15  82.9  12.0  1.250  15.1
   3/ 6 50  35.7 18.9   3/ 7 20  36.1  8.3  7  6  74.7   5.0  3.860  19.5
   3/ 8 33  36.4 19.1   3/ 9  2  37.9  8.6  8 48  75.9   3.3  2.739   8.9
   3/10 15  36.8 19.2   3/10 47  35.1  8.5 10 31  77.1   3.6  1.820   6.5
   4/18 31  37.6 19.1   4/19  1  35.7  7.3 18 45  84.8   8.2  1.001   8.2
   4/20 12  36.5 19.4   4/20 42  35.3  7.5 20 26  86.2  10.2  0.992  10.1
   5/18 17  35.7 19.1   5/18 47  37.6  7.2 18 32  84.7   2.9  0.992   2.8
   5/19 59  38.1 19.3   5/20 28  37.0  7.5 20 12  86.2   6.4  0.996   6.4
   6/18  4  37.6 19.0   6/18 34  36.6  7.2 18 18  84.7   3.2  1.018   3.2
   7/17 50  35.9 19.0   7/18 21  35.6  7.2 18  5  84.3  19.8  1.007  19.9
   8/17 37  37.8 19.0   8/18  7  37.4  7.2 17 52  84.6  11.2  0.994  11.1
   8/19 18  35.0 19.2   8/19 48  36.5  7.3 19 32  85.3   7.8  0.986   7.6
   9/17 23  36.3 19.0   9/17 54  36.4  7.2 17 38  84.4   7.6  1.019   7.8
   9/19  5  36.7 19.1   9/19 35  35.4  7.3 19 19  85.2   7.9  0.982   7.8
  10/17 10  38.2 18.9  10/17 41  35.3  7.2 17 25  84.5  28.2  1.015  28.6
  10/18 52  38.6 19.1  10/19 21  37.2  7.2 19  6  85.4  33.8  0.975  33.0
  11/18 38  36.5 19.1  11/19  8  36.2  7.2 18 52  84.8  31.5  0.973  30.7
  11/20 19  35.6 19.4  11/20 49  35.9  7.5 20 33  86.4  66.7  1.062  70.9
  12/18 25  38.4 19.0  12/18 55  35.2  7.2 18 39  84.8  23.3  1.000  23.3
  12/20  6  37.2 19.3  12/20 35  37.6  7.4 20 20  86.2  29.7  0.987  29.3
  13/18 11  36.6 19.0  13/18 41  37.1  7.2 18 25  84.7  11.8  0.983  11.6
  13/19 53  38.8 19.3  13/20 22  36.4  7.4 20  6  86.2  14.0  0.979  13.7
  14/17 58  38.5 19.0  14/18 28  36.0  7.2 18 12  84.7  11.7  0.984  11.5
  14/19 39  36.2 19.2  14/20  9  35.2  7.3 19 53  85.7  16.0  0.978  15.7
  15/19 26  38.1 19.2  15/19 55  36.9  7.3 19 40  85.8  22.1  0.993  22.0
  16/17 30  35.3 18.9  16/18  1  36.8  7.1 17 45  84.3   5.1  1.003   5.1
  16/19 12  35.9 19.1  16/19 42  35.8  7.2 19 26  85.2   5.8  0.978   5.7
  18/18 45  35.7 19.0  18/19 15  36.5  7.2 18 59  84.9   5.6  0.988   5.5
  18/20 26  35.2 19.3  18/20 56  36.4  7.4 20 40  86.3   6.2  1.000   6.2
  19/18 32  37.7 19.0  19/19  2  35.5  7.2 18 46  84.7  32.0  0.978  31.3
  19/20 13  36.6 19.3  19/20 43  35.1  7.4 20 27  86.2  29.8  0.987  29.4
  20/18 18  35.8 19.0  20/18 48  37.3  7.1 18 33  84.7  22.9  1.001  22.9
  27/20  7  38.0 19.2  27/20 36  36.9  7.3 20 20  86.5   4.3  0.999   4.3
  32/17 17  35.0 18.8  32/17 48  37.6  7.0 17 33  84.4  22.9  1.020  23.4
  32/18 59  35.1 19.0  32/19 29  36.5  7.1 19 13  85.1  14.4  0.969  14.0
  33/18 46  37.2 19.0  33/19 16  35.4  7.1 18 60  85.0  26.1  0.985  25.7
  33/20 27  36.9 19.3  33/20 57  35.2  7.3 20 41  86.3   5.0  0.997   5.0
  36/18  5  35.9 18.9  36/18 35  37.7  7.0 18 20  84.7  10.7  0.986  10.6
  36/19 47  37.8 19.1  36/20 16  37.0  7.2 20  0  86.2 127.7  1.049 134.0
  40/17 11  37.2 18.8  40/17 42  35.9  7.0 17 26  84.4  11.6  1.007  11.7
  40/18 53  37.5 19.0  40/19 22  37.8  7.1 19  7  85.5  15.7  0.979  15.4
  41/19 27 -38.0  7.2  41/20  2 -37.4 18.9 19 42 -82.1  19.2  1.106  21.3
  42/18 26  37.9 18.9  42/18 56  35.4  7.1 18 40  84.8  31.7  0.979  31.0
  44/17 59  38.4 18.8  44/18 29  36.0  7.0 18 13  84.7  13.9  0.982  13.7
  44/19 40  36.3 19.1  44/20 10  35.2  7.2 19 54  85.8  15.3  0.976  14.9
  45/17 45  36.9 18.8  45/18 15  37.7  7.0 17 60  84.7   6.9  0.992   6.8
  45/19 27  38.3 19.0  45/19 56  36.8  7.2 19 40  85.9   3.2  0.999   3.2
  46/18 20 -38.1  7.3  46/18 56 -35.0 19.0 18 35 -81.2  13.3  1.141  15.2
  47/17 18  37.7 18.8  47/17 49  35.3  7.0 17 33  84.3  13.3  1.009  13.4
  57/19 13 -36.1  7.2  57/19 49 -36.5 18.9 19 29 -81.6  30.0  1.139  34.1
  59/18 46 -35.6  7.2  59/19 22 -37.0 19.0 19  2 -81.1   8.6  1.097   9.5
  68/18 26 -36.7  7.3  68/19  2 -36.0 19.0 18 42 -81.1  27.7  1.191  32.9
  93/19 38 -36.6  8.5  93/20 14 -36.3 20.3 19 54 -81.3  30.7  1.229  37.7
