1                       ***** SUMMARY LISTING *****
    SATELLITE ID       15            START OF FILE  1999 351/17 45  0
0+-------START-------++--------END--------++---PEAK---++----GIGAWATTS---+
 GMT       CMLAT MLT  GMT       CMLAT MLT  GMT   CMLAT MEAS  CORR   POWER
 351/17 45  37.4 20.9 351/18 17  36.5  9.2 18  1  85.2  16.4  1.129  18.5
 351/18 35 -37.9  9.4 351/19 10 -35.0 21.3 18 51 -81.1  20.3  1.229  24.9
 351/20 15 -36.1  9.4 351/20 51 -36.4 21.2 20 31 -81.1   7.2  1.258   9.1
 352/ 0 29  37.1 21.3 352/ 1  1  37.3  9.5  0 45  84.4   5.2  1.209   6.3
 352/ 1 18 -35.5  8.7 352/ 1 50 -37.9 21.3  1 34 -79.3  11.2  0.862   9.6
 352/ 2  9  36.0 20.6 352/ 2 43  37.6  9.2  2 26  81.3   3.9  1.343   5.3
 352/ 3  0 -36.0  8.3 352/ 3 32 -37.6 21.7  3 16 -74.1  19.4  0.822  16.0
 352/ 4 42 -35.3  8.6 352/ 5 16 -35.7 22.3  4 59 -69.7   8.8  1.108   9.7
 352/ 5 35  36.5 20.6 352/ 6  7  37.6 10.0  5 52  75.2   3.4  2.361   8.1
 352/ 6 24 -35.3  9.1 352/ 6 59 -36.7 22.6  6 42 -67.7   5.8  1.510   8.8
 352/ 7 18  35.9 20.8 352/ 7 49  36.5 10.2  7 34  74.1   2.4  3.223   7.7
 352/ 8  6 -35.0  9.2 352/ 8 42 -37.5 22.5  8 27 -68.1   7.4  1.347  10.0
 352/ 9 50 -36.1  8.8 352/10 26 -35.2 22.2 10 11 -70.9   6.5  1.023   6.6
 352/10 44  36.9 21.0 352/11 13  38.3 10.6 10 59  76.0   6.2  2.269  14.1
 352/11 35 -35.8  8.6 352/12  8 -37.6 22.0 11 54 -76.2   7.9  0.893   7.1
 352/13 18 -35.1  8.9 352/13 50 -38.1 21.6 13 35 -82.1  12.9  0.840  10.8
 352/15  0 -37.2  9.2 352/15 32 -37.6 21.4 15 16 -85.0  11.2  0.989  11.1
 352/16 40 -35.8  9.4 352/17 14 -35.9 21.3 16 57 -82.7  12.0  1.163  13.9
 352/18 21 -37.2  9.4 352/18 56 -35.2 21.3 18 37 -81.0  14.4  1.272  18.3
 353/ 0 15  35.7 21.4 353/ 0 47  37.4  9.5  0 31  84.7  15.2  1.164  17.6
 353/ 1  4 -35.2  8.8 353/ 1 37 -35.8 21.2  1 20 -79.8  13.8  0.839  11.6
 353/ 1 55  35.7 20.7 353/ 2 29  37.7  9.3  2 12  81.7  10.8  1.353  14.6
 353/ 2 46 -35.8  8.3 353/ 3 18 -37.5 21.6  3  2 -74.9  17.2  0.831  14.3
 353/ 3 38  37.6 20.3 353/ 4 11  37.8  9.5  3 55  78.5   3.0  1.518   4.6
 353/ 4 28 -35.2  8.5 353/ 5  2 -35.3 22.2  4 44 -70.2   8.4  1.089   9.2
 353/ 5 21  36.9 20.6 353/ 5 53  37.8 10.0  5 38  75.5   2.8  2.291   6.3
 353/ 6 10 -35.1  9.1 353/ 6 45 -36.3 22.6  6 28 -67.8   5.0  1.589   7.9
 353/ 7  4  36.2 20.8 353/ 7 35  36.9 10.2  7 20  74.2   1.9  3.181   5.9
 353/ 7 52 -35.1  9.2 353/ 8 28 -37.1 22.5  8 12 -67.9   5.5  1.538   8.5
 353/ 9 36 -36.7  8.8 353/10 11 -37.9 22.3  9 57 -70.5   6.3  1.055   6.7
 353/10 30  36.8 21.0 353/10 59  37.8 10.6 10 45  75.8   4.0  2.292   9.1
 353/11 21 -36.5  8.6 353/11 54 -37.6 22.0 11 40 -75.4  11.0  0.836   9.2
 353/12 12  37.4 21.1 353/12 44  35.4 10.4 12 27  77.0   6.2  1.837  11.4
 353/13  4 -35.1  8.8 353/13 37 -35.0 21.6 13 21 -81.0  29.3  0.750  22.0
 353/13 53  35.4 21.0 353/14 28  35.2  9.7 14 10  79.9   9.8  1.622  16.0
 353/14 46 -36.6  9.2 353/15 18 -37.9 21.4 15  3 -85.0   6.7  1.021   6.9
 353/15 35  36.3 20.9 353/16  9  36.1  9.3 15 52  84.1  11.4  1.329  15.2
 353/16 26 -35.0  9.4 353/17  0 -36.3 21.3 16 43 -83.0  15.3  1.117  17.1
 353/17 17  37.1 20.9 353/17 49  38.0  9.2 17 33  85.6  10.9  1.187  13.0
 353/18  7 -36.4  9.4 353/18 42 -35.4 21.3 18 23 -81.1   5.5  1.246   6.9
 353/18 59  36.8 20.9 353/19 30  36.8  9.2 19 14  84.5   5.5  1.117   6.2
 353/19 48 -37.7  9.4 353/20 23 -37.3 21.2 20  3 -81.1   6.0  1.270   7.6
 353/20 41  37.1 21.1 353/21 11  35.7  9.3 20 55  85.1   9.7  1.076  10.4
 354/ 0  2  37.7 21.4 354/ 0 33  37.6  9.5  0 17  85.2   5.3  1.180   6.2
 354/ 1 41  35.3 20.8 354/ 2 15  37.8  9.3  1 58  82.0   4.0  1.304   5.2
 354/ 2 32 -35.6  8.4 354/ 3  4 -37.4 21.5  2 48 -75.6   7.1  0.963   6.8
 354/ 4 14 -35.1  8.5 354/ 4 47 -37.4 22.2  4 30 -70.8   5.0  1.198   6.0
 354/ 5  7  37.2 20.5 354/ 5 40  35.0  9.8  5 23  75.8   6.9  1.963  13.5
 354/ 5 57 -37.7  8.9 354/ 6 31 -36.0 22.5  6 14 -68.0   3.9  1.844   7.2
 354/ 6 50  36.5 20.8 354/ 7 21  37.3 10.2  7  6  74.2   1.8  3.131   5.5
 354/ 7 38 -35.1  9.2 354/ 8 14 -36.8 22.5  7 58 -67.7   6.6  1.454   9.5
 354/ 8 33  36.0 20.8 354/ 9  3  36.0 10.3  8 49  74.4   3.1  3.020   9.5
 354/ 9 21 -35.0  8.9 354/ 9 57 -37.6 22.3  9 42 -70.0   5.2  1.122   5.8
 354/10 16  36.7 20.9 354/10 45  37.5 10.5 10 31  75.6  10.7  2.188  23.3
 354/11  6 -35.3  8.6 354/11 40 -37.5 22.0 11 26 -74.6  12.4  0.830  10.3
 354/11 58  37.1 21.1 354/12 29  37.2 10.5 12 13  76.9   2.8  1.756   4.9
 354/12 50 -35.2  8.8 354/13 23 -35.2 21.7 13  7 -80.3   8.8  0.871   7.6
 354/13 39  35.1 21.0 354/14 14  35.2  9.7 13 56  79.2   4.2  1.509   6.3
 354/14 32 -35.9  9.1 354/15  5 -35.0 21.4 14 49 -84.4   5.1  1.026   5.2
 354/15 21  36.0 20.9 354/15 55  36.7  9.4 15 38  83.7   4.5  1.299   5.8
 354/16 13 -37.1  9.4 354/16 46 -36.7 21.3 16 30 -83.6   5.7  1.130   6.5
 354/19 34 -37.0  9.4 354/20 10 -35.0 21.3 19 50 -80.9   7.2  1.288   9.3
 354/20 27  36.8 21.1 354/20 57  36.4  9.3 20 41  84.9   5.8  1.101   6.4
 354/22  8  36.0 21.4 354/22 38  35.9  9.5 22 22  86.4  33.8  0.973  32.9
 355/ 0 37 -37.8  8.8 355/ 1  9 -37.2 21.1  0 52 -81.2   9.7  0.910   8.8
 355/ 1 28  37.4 20.9 355/ 2  1  37.9  9.3  1 44  82.6   4.3  1.304   5.6
 355/ 2 18 -35.4  8.4 355/ 2 50 -37.6 21.5  2 34 -76.3   6.6  0.963   6.3
 355/ 3  9  35.2 20.3 355/ 3 44  35.0  9.3  3 27  79.3   2.8  1.450   4.1
 355/ 4  0 -35.1  8.4 355/ 4 33 -37.0 22.1  4 16 -71.3   4.8  1.189   5.7
 355/ 4 53  37.6 20.4 355/ 5 26  35.2  9.8  5  9  76.1   2.2  1.901   4.1
 355/ 5 43 -37.5  8.8 355/ 6 17 -35.6 22.5  5 60 -68.3   3.9  1.772   6.9
 355/ 6 36  36.9 20.7 355/ 7  7  37.6 10.2  6 52  74.4   1.9  3.098   5.9
 355/ 7 24 -35.0  9.2 355/ 8  0 -36.4 22.5  7 44 -67.6   8.6  1.319  11.4
 355/ 8 19  36.2 20.8 355/ 8 49  36.3 10.3  8 35  74.3   1.6  3.087   4.9
 355/ 9  7 -35.6  8.9 355/ 9 43 -37.2 22.3  9 28 -69.5   8.1  1.062   8.6
 355/10  2  36.7 20.9 355/10 31  37.2 10.5 10 17  75.4   1.5  2.310   3.5
 355/10 52 -36.1  8.6 355/11 26 -37.4 22.1 11 12 -73.8   6.1  0.972   5.9
 355/12 36 -35.3  8.7 355/13  9 -35.3 21.7 12 54 -79.5   4.3  0.982   4.2
 355/15 14  57.9 20.4 355/15 41  37.4  9.4 15 24  83.1   2.9  1.293   3.8
 355/15 59 -36.4  9.3 355/16 32 -37.1 21.3 16 16 -83.9   2.6  1.142   3.0
 355/17 39 -35.0  9.4 355/18 14 -35.7 21.3 17 56 -81.3   2.8  1.187   3.3
 355/21  1 -37.5  9.4 355/21 37 -35.3 21.2 21 16 -81.9   7.4  1.219   9.0
 355/21 54  35.1 21.3 355/22 24  36.4  9.5 22  8  86.3   5.3  1.110   5.9
 356/ 2  4 -35.2  8.5 356/ 2 37 -35.0 21.3  2 20 -77.0   6.3  0.968   6.1
 356/ 2 55  35.3 20.4 356/ 3 30  35.2  9.2  3 13  79.8   2.5  1.437   3.6
 356/ 3 46 -35.1  8.4 356/ 4 19 -36.6 22.0  4  2 -71.9   4.5  1.165   5.2
 356/ 4 38  35.1 20.4 356/ 5 12  35.3  9.7  4 55  76.5   2.1  1.902   4.1
 356/ 5 29 -37.4  8.7 356/ 6  3 -35.3 22.4  5 45 -68.5   3.8  1.637   6.2
 356/ 8  5  36.5 20.8 356/ 8 35  36.6 10.3  8 21  74.2   1.2  3.069   3.8
 356/ 8 53 -35.9  9.0 356/ 9 29 -36.8 22.4  9 14 -69.1   2.1  1.539   3.2
 356/10 38 -36.8  8.6 356/11 12 -37.1 22.1 10 58 -73.1   1.9  1.221   2.4
 356/12 22 -35.6  8.7 356/12 55 -35.4 21.7 12 40 -78.7   2.4  1.067   2.6
 356/13 12  37.6 21.0 356/13 45  37.2 10.0 13 28  78.6   1.6  1.382   2.2
 356/14  4 -35.0  9.0 356/14 37 -35.4 21.4 14 21 -83.7   7.3  0.958   7.0
 356/14 53  35.5 20.9 356/15 28  35.0  9.4 15 10  82.4   2.3  1.290   2.9
 356/15 45 -35.6  9.3 356/16 18 -37.5 21.3 16  2 -84.2   5.0  1.096   5.5
 356/16 35  36.4 20.9 356/17  8  37.2  9.2 16 52  85.5   3.8  1.170   4.5
 356/17 26 -37.2  9.4 356/18  0 -36.0 21.3 17 42 -81.8   5.4  1.196   6.4
 356/18 17  36.6 20.9 356/18 49  35.9  9.1 18 33  84.6   6.9  1.144   7.9
 356/19  6 -35.5  9.4 356/19 42 -35.5 21.3 19 22 -80.6   7.0  1.291   9.0
 356/19 59  36.2 21.0 356/20 29  37.7  9.2 20 14  84.8   5.2  1.106   5.7
 356/20 47 -36.7  9.4 356/21 23 -35.9 21.2 21  2 -81.5   7.2  1.236   8.9
 357/ 0  9 -37.1  9.0 357/ 0 42 -36.2 21.1  0 24 -82.0  12.1  0.923  11.2
 357/ 1  0  35.7 21.1 357/ 1 34  35.2  9.3  1 17  83.1   3.3  1.251   4.2
 357/ 1 50 -35.0  8.5 357/ 2 23 -35.1 21.3  2  6 -77.6   9.1  0.874   8.0
 357/ 2 41  35.3 20.4 357/ 3 16  35.3  9.2  2 59  80.2   3.7  1.396   5.1
 357/ 3 32 -35.0  8.3 357/ 4  5 -36.4 21.8  3 48 -72.5   6.4  1.038   6.6
 357/ 4 24  35.4 20.4 357/ 4 58  35.4  9.6  4 41  76.9   4.2  1.768   7.5
 357/ 5 15 -37.3  8.7 357/ 5 48 -37.4 22.5  5 31 -68.9   5.5  1.353   7.5
 357/ 6  8  37.6 20.6 357/ 6 40  35.0 10.0  6 24  74.6   2.9  2.756   7.9
 357/ 6 57 -37.4  9.0 357/ 7 32 -35.7 22.5  7 15 -67.5   3.3  1.903   6.2
 357/ 7 51  36.9 20.8 357/ 8 21  37.0 10.2  8  7  74.2   2.2  3.178   6.9
 357/ 8 39 -36.2  9.0 357/ 9 15 -36.4 22.4  8 60 -68.7   3.2  1.509   4.8
 357/ 9 34  36.8 20.8 357/10  3  36.9 10.4  9 49  75.0   2.6  2.413   6.4
 357/10 23 -35.8  8.6 357/10 58 -36.9 22.1 10 43 -72.4   2.9  1.135   3.3
 357/11 16  36.3 21.0 357/11 46  37.6 10.6 11 31  76.3   2.7  2.043   5.5
 357/12  8 -36.0  8.6 357/12 41 -35.5 21.8 12 26 -77.8   3.8  1.016   3.9
 357/12 58  37.3 21.0 357/13 31  36.7 10.1 13 14  78.0   3.4  1.517   5.2
 357/13 51 -37.4  9.0 357/14 23 -35.6 21.5 14  7 -83.5   4.9  0.971   4.8
 357/14 39  35.2 20.9 357/15 14  35.4  9.4 14 56  81.8   2.9  1.369   3.9
 357/15 32 -37.8  9.3 357/16  4 -37.9 21.3 15 48 -84.7   5.7  1.083   6.1
 357/16 21  36.2 20.9 357/16 54  37.9  9.2 16 38  85.4   3.8  1.184   4.5
 357/17 12 -36.4  9.4 357/17 46 -36.2 21.2 17 29 -82.1   5.2  1.195   6.2
 357/19 49  50.6 20.9 357/20 16  35.6  9.2 19 60  86.4   9.4  1.095  10.3
 357/20 33 -35.9  9.4 357/21  9 -36.6 21.2 20 49 -81.2   8.4  1.250  10.5
 357/21 27  37.5 21.2 357/21 56  37.6  9.4 21 41  86.1   6.3  1.100   7.0
 357/23  7  35.7 21.5 357/23 38  35.4  9.5 23 22  86.1   9.5  1.136  10.7
 358/ 0  0 -53.9  8.8 358/ 0 28 -37.2 21.0  0 10 -84.2  17.6  0.884  15.6
 358/ 0 47  37.6 21.2 358/ 1 20  35.3  9.4  1  3  83.7   8.8  1.250  11.1
 358/ 1 37 -37.9  8.5 358/ 2  9 -35.6 21.2  1 52 -78.5  21.5  0.785  16.9
 358/ 4 10  35.7 20.3 358/ 4 44  35.6  9.5  4 27  77.4   4.9  1.693   8.3
 358/ 5  1 -37.1  8.6 358/ 5 34 -37.1 22.4  5 17 -69.2   8.2  1.177   9.6
 358/ 5 53  35.1 20.7 358/ 6 26  35.4 10.0  6 10  74.7   6.7  2.248  15.1
 358/ 6 43 -37.2  9.0 358/ 7 18 -35.4 22.5  7  1 -67.5  43.3  0.994  43.0
 358/ 7 37  37.2 20.7 358/ 8  7  37.4 10.2  7 53  74.2   7.5  2.659  20.0
 358/ 8 25 -36.5  9.0 358/ 9  1 -36.1 22.4  8 45 -68.4   9.1  1.176  10.7
 358/10  9 -36.4  8.6 358/10 44 -36.7 22.1 10 29 -71.7  43.7  0.699  30.5
 358/11  2  36.1 21.0 358/11 32  36.9 10.5 11 18  76.1   4.5  2.210  10.0
 358/11 54 -36.5  8.6 358/12 27 -35.6 21.8 12 12 -77.0   6.8  0.915   6.2
 358/12 44  37.0 21.0 358/13 17  35.9 10.1 12 60  77.7   5.1  1.681   8.6
 358/13 37 -37.1  8.9 358/14  9 -35.9 21.5 13 53 -82.9   5.3  0.949   5.0
 358/14 26  38.0 20.9 358/15  0  35.9  9.5 14 42  81.3   3.9  1.416   5.6
 358/15 18 -37.0  9.2 358/15 51 -35.1 21.3 15 34 -84.6   5.7  1.071   6.1
 358/16  7  35.9 20.9 358/16 41  35.6  9.2 16 24  84.9   3.9  1.185   4.6
 358/16 58 -35.7  9.4 358/17 32 -36.6 21.2 17 15 -82.3   4.4  1.171   5.2
 358/17 49  36.3 20.9 358/18 21  37.4  9.1 18  5  85.2   4.6  1.140   5.2
 358/18 39 -37.0  9.4 358/19 14 -36.0 21.2 18 55 -80.9   4.2  1.229   5.2
 358/19 31  35.8 20.9 358/20  2  36.3  9.2 19 46  84.3   3.7  1.126   4.2
 358/20 19 -35.2  9.4 358/20 55 -37.2 21.2 20 35 -80.9   6.0  1.247   7.5
 358/21 13  36.9 21.2 358/21 43  35.2  9.3 21 27  85.6   8.3  1.084   9.0
 359/ 3 56  36.1 20.3 359/ 4 30  35.7  9.4  4 13  77.9   3.8  1.595   6.1
 359/ 4 47 -37.1  8.5 359/ 5 20 -36.7 22.3  5  3 -69.6  10.9  1.055  11.5
 359/ 5 39  35.4 20.6 359/ 6 12  35.6  9.9  5 56  75.0   6.6  2.200  14.5
 359/ 6 29 -37.1  9.0 359/ 7  4 -35.1 22.4  6 47 -67.6  30.9  1.031  31.8
 359/ 7 23  37.5 20.7 359/ 7 53  37.7 10.2  7 39  74.2  14.0  2.383  33.4
 359/ 8 11 -36.6  9.0 359/ 8 47 -35.7 22.4  8 31 -68.1  19.3  1.028  19.8
 359/11 40 -37.0  8.5 359/12 13 -35.6 21.8 11 58 -76.2  10.6  0.840   8.9
 359/12 30  36.7 21.0 359/13  2  37.7 10.3 12 46  77.4   4.0  1.687   6.8
 359/13 23 -36.9  8.8 359/13 55 -36.0 21.5 13 40 -82.2  20.5  0.788  16.2
 359/14 12  37.8 20.9 359/14 46  36.3  9.6 14 28  80.7  50.7  1.208  61.2
 359/15  4 -36.3  9.2 359/15 37 -35.5 21.3 15 21 -84.6  21.4  0.917  19.6
 359/15 53  35.6 20.9 359/16 27  36.3  9.2 16 10  84.7  17.2  1.267  21.8
 359/16 45 -37.8  9.4 359/17 18 -36.9 21.2 17  1 -82.9  12.4  1.161  14.4
 359/17 35  36.2 20.9 359/18  8  35.1  9.1 17 52  84.9  11.9  1.173  14.0
 359/18 25 -36.3  9.4 359/19  0 -36.2 21.2 18 41 -80.9   6.4  1.275   8.1
 360/ 0 20  38.3 21.3 360/ 0 52  35.5  9.4  0 35  84.7   3.4  1.186   4.0
 360/ 1  9 -37.3  8.7 360/ 1 41 -36.6 21.2  1 24 -79.9   8.3  0.912   7.5
 360/ 2  0  37.6 20.6 360/ 2 34  35.8  9.2  2 17  81.6   2.9  1.369   3.9
 360/ 2 51 -37.9  8.2 360/ 3 23 -35.8 21.5  3  6 -74.6   6.1  1.004   6.1
 360/ 3 42  36.4 20.2 360/ 4 16  35.8  9.4  3 59  78.3   2.6  1.557   4.1
 360/ 4 33 -37.1  8.4 360/ 5  6 -36.3 22.2  4 49 -70.1   7.3  1.127   8.2
 360/ 7  8  35.2 20.8 360/ 7 39  38.1 10.2  7 25  74.2   1.5  3.181   4.9
 360/ 7 57 -36.7  9.0 360/ 8 33 -35.4 22.4  8 17 -67.8   3.3  1.854   6.1
 360/ 8 52  37.3 20.8 360/ 9 21  37.2 10.3  9  7  74.6   1.6  3.002   4.8
 360/ 9 40 -35.8  8.8 360/10 16 -36.1 22.2 10  1 -70.5   6.1  1.059   6.4
 360/10 34  35.8 20.9 360/11  4  35.6 10.5 10 50  75.8   1.5  2.239   3.4
 360/11 25 -35.6  8.5 360/11 59 -35.6 21.9 11 44 -75.3   3.9  1.050   4.1
 360/12 16  36.4 21.0 360/12 48  36.8 10.3 12 32  77.1   1.3  1.653   2.2
 360/13  9 -36.8  8.8 360/13 41 -36.1 21.6 13 26 -81.5   6.8  0.922   6.2
 360/13 58  37.5 20.9 360/14 32  36.2  9.6 14 14  80.2   1.5  1.244   1.9
 360/14 50 -35.7  9.1 360/15 23 -35.8 21.3 15  7 -84.6   3.6  1.065   3.8
 360/15 39  35.3 20.9 360/16 13  37.0  9.3 15 57  84.4   1.8  1.178   2.1
 360/16 31 -37.1  9.3 360/17  4 -37.3 21.2 16 48 -83.2   3.3  1.173   3.9
 360/17 21  36.1 20.9 360/17 54  35.8  9.1 17 38  85.1   2.7  1.177   3.2
 360/18 11 -35.6  9.4 360/18 46 -36.3 21.2 18 28 -81.0   2.9  1.222   3.6
 360/19  3  35.7 20.9 360/19 34  37.7  9.1 19 19  84.5   2.3  1.119   2.6
 360/19 52 -36.8  9.4 360/20 28 -35.4 21.2 20  8 -81.0   5.8  1.261   7.3
 360/20 45  35.8 21.1 360/21 15  36.5  9.3 20 59  85.2   3.2  1.144   3.7
 361/ 0  6  36.9 21.4 361/ 0 38  35.6  9.5  0 21  84.9   8.5  1.197  10.2
 361/ 0 55 -37.1  8.7 361/ 1 27 -37.2 21.1  1 10 -80.5  22.6  0.793  17.9
 361/ 1 46  37.3 20.7 361/ 2 20  35.9  9.2  2  3  82.0  11.1  1.332  14.7
 361/ 2 37 -37.7  8.3 361/ 3  9 -35.7 21.5  2 52 -75.4  16.5  0.828  13.7
 361/ 3 28  36.7 20.2 361/ 4  2  36.0  9.3  3 45  78.8  19.8  1.392  27.5
 361/ 4 19 -37.1  8.3 361/ 4 52 -35.9 22.1  4 35 -70.6   6.9  1.117   7.7
 361/ 5 11  36.1 20.5 361/ 5 44  36.0  9.8  5 28  75.7   6.3  2.015  12.6
 361/ 6  1 -36.7  8.9 361/ 6 35 -37.0 22.5  6 18 -67.9   4.6  1.681   7.7
 361/ 6 54  35.5 20.8 361/ 7 26  35.1 10.1  7 11  74.1   2.2  3.165   6.9
 361/ 7 43 -36.8  9.0 361/ 8 19 -35.0 22.4  8  3 -67.7   6.4  1.467   9.5
 361/12 55 -36.8  8.7 361/13 27 -36.3 21.6 13 12 -80.7   7.9  0.888   7.0
 361/13 44  37.2 20.9 361/14 18  36.2  9.7 14  0  79.6   4.5  1.520   6.9
 361/14 36 -35.1  9.1 361/15  9 -36.0 21.3 14 53 -84.5   5.9  1.018   6.0
 361/15 25  35.1 20.9 361/15 59  37.7  9.3 15 43  83.9   5.3  1.313   6.9
 361/16 17 -36.3  9.3 361/16 50 -37.6 21.2 16 34 -83.6   8.6  1.135   9.7
 361/17  7  35.9 20.9 361/17 40  36.5  9.1 17 24  85.4   7.0  1.198   8.4
 361/17 58 -37.8  9.4 361/18 32 -36.5 21.2 18 14 -81.4  26.9  1.132  30.4
 361/18 49  35.6 20.8 361/19 21  35.4  9.1 19  5  84.2  11.9  1.108  13.2
 361/19 38 -36.1  9.3 361/20 14 -35.8 21.2 19 54 -80.8   9.9  1.299  12.9
 361/20 31  35.5 21.0 361/21  1  37.2  9.2 20 45  85.0  25.0  0.970  24.2
 361/21 19 -37.4  9.3 361/21 55 -35.1 21.1 21 34 -82.0  17.6  1.150  20.2
 361/22 13  39.0 21.3 361/22 42  36.9  9.4 22 26  86.8  17.9  1.034  18.5
 362/ 1 32  36.7 20.9 362/ 2  6  36.0  9.2  1 49  82.3  11.4  1.318  15.0
 362/ 2 23 -37.6  8.3 362/ 2 55 -35.7 21.4  2 38 -76.1  28.1  0.763  21.5
 362/ 3 14  37.0 20.2 362/ 3 48  36.1  9.2  3 31  79.3  44.1  1.139  50.2
 362/ 4  5 -37.1  8.3 362/ 4 38 -35.5 22.0  4 21 -71.2  16.6  0.925  15.4
 362/ 4 57  36.5 20.4 362/ 5 30  36.2  9.7  5 14  76.0   7.2  1.840  13.3
 362/ 5 47 -36.5  8.8 362/ 6 21 -36.6 22.5  6  4 -68.2  12.1  1.205  14.6
 362/10 56 -35.2  8.6 362/11 31 -35.4 21.9 11 16 -73.8   8.2  0.905   7.4
 362/11 48  35.8 21.0 362/12 19  37.6 10.5 12  4  76.7   8.5  1.944  16.5
 362/12 41 -36.9  8.7 362/13 13 -36.3 21.6 12 58 -80.0  22.1  0.760  16.8
 362/13 30  36.9 20.9 362/14  4  36.2  9.8 13 46  79.0   4.0  1.503   6.0
 362/14 23 -37.4  9.0 362/14 55 -36.3 21.4 14 39 -84.6   8.9  0.962   8.6
 362/17  0  57.8 20.5 362/17 26  37.3  9.1 17 10  86.6   7.3  1.210   8.8
 362/17 44 -37.1  9.4 362/18 18 -36.6 21.2 18  0 -81.5   5.2  1.219   6.3
 362/18 35  35.6 20.8 362/19  7  36.1  9.1 18 51  84.4   8.4  1.139   9.5
 362/19 24 -35.3  9.3 362/20  0 -36.1 21.2 19 40 -80.6   5.3  1.263   6.7
 362/20 17  35.2 21.0 362/20 48  35.0  9.2 20 32  84.5   7.9  1.102   8.7
 362/21  5 -36.6  9.3 362/21 41 -35.9 21.1 21 20 -81.7  29.7  1.088  32.3
 362/21 59  38.1 21.3 362/22 28  37.3  9.4 22 13  86.6  31.8  0.968  30.8
 363/ 0 27 -36.4  8.9 363/ 1  0 -36.0 21.1  0 42 -81.4  28.0  0.805  22.6
 363/ 1 18  35.8 21.0 363/ 1 52  36.1  9.2  1 35  82.7  17.7  1.225  21.7
 363/ 2  9 -37.4  8.4 363/ 2 41 -35.8 21.3  2 24 -76.9  52.2  0.726  37.9
 363/ 3  0  37.2 20.3 363/ 3 34  36.2  9.2  3 17  79.7  19.9  1.333  26.5
 363/ 3 51 -37.1  8.2 363/ 4 24 -35.1 21.9  4  6 -71.7  32.3  0.833  26.9
 363/ 4 43  36.9 20.3 363/ 5 16  36.3  9.7  4 60  76.4  16.3  1.664  27.1
 363/ 5 33 -36.4  8.7 363/ 6  7 -36.2 22.4  5 50 -68.4  15.8  1.094  17.3
 363/ 6 26  36.2 20.7 363/ 6 58  35.7 10.0  6 43  74.4  16.8  2.167  36.5
 363/ 7 15 -36.7  9.0 363/ 7 50 -37.1 22.5  7 34 -67.5  15.4  1.134  17.4
 363/11 41  57.8 20.3 363/12  5  36.6 10.5 11 50  76.9   4.3  1.890   8.2
 363/12 27 -37.2  8.6 363/12 59 -36.4 21.7 12 44 -79.1   5.0  0.964   4.8
 363/13 16  36.7 21.0 363/13 50  35.6  9.9 13 32  78.5   4.0  1.534   6.1
 363/14  9 -37.0  9.0 363/14 41 -36.4 21.4 14 25 -84.2   4.3  1.014   4.4
 363/16 44  51.2 20.6 363/17 12  38.1  9.2 16 56  86.1   4.9  1.170   5.7
 363/17 30 -36.4  9.3 363/18  4 -36.9 21.2 17 47 -81.7   7.2  1.229   8.9
 363/20  6  46.2 20.9 363/20 34  35.6  9.2 20 18  85.9   7.6  1.118   8.5
 363/20 51 -35.9  9.3 363/21 27 -36.5 21.1 21  7 -81.4  11.9  1.225  14.6
 363/21 45  37.3 21.3 363/22 14  37.8  9.4 21 59  86.2  16.7  1.027  17.2
 364/ 0 13 -36.1  8.9 364/ 0 46 -36.8 21.0  0 28 -81.7  16.4  0.874  14.4
 364/ 1  5  37.9 21.0 364/ 1 38  36.1  9.3  1 21  83.3   7.5  1.278   9.5
 364/ 1 55 -37.2  8.4 364/ 2 27 -35.9 21.3  2 10 -77.6   8.0  0.908   7.3
 364/ 2 46  37.3 20.3 364/ 3 20  36.3  9.1  3  3  80.2   6.4  1.446   9.3
 364/ 3 37 -37.1  8.2 364/ 4  9 -37.3 21.8  3 52 -72.4   6.1  1.060   6.5
 364/ 4 29  37.3 20.3 364/ 5  2  36.4  9.6  4 46  76.9   3.9  1.783   7.0
 364/ 5 19 -36.3  8.7 364/ 5 53 -35.8 22.3  5 36 -68.7   4.0  1.530   6.0
 364/ 6 12  36.6 20.6 364/ 6 44  36.0 10.0  6 29  74.6   4.5  2.664  11.9
 364/ 7  1 -36.6  9.0 364/ 7 36 -36.7 22.5  7 20 -67.5   3.8  1.790   6.9
 364/ 7 55  35.9 20.7 364/ 8 25  38.1 10.2  8 11  74.2   3.9  3.001  11.6
 364/ 8 43 -35.3  9.0 364/ 9 19 -37.5 22.3  9  4 -68.8  20.3  0.936  19.0
 364/ 9 38  35.9 20.8 364/10  7  38.2 10.4  9 54  75.1  10.2  2.226  22.7
 364/10 28 -36.8  8.5 364/11  3 -35.0 22.0 10 48 -72.3  19.4  0.779  15.1
 364/11 20  35.4 21.0 364/11 51  35.6 10.5 11 36  76.3   8.5  2.072  17.6
 364/12 12 -35.1  8.6 364/12 45 -36.5 21.7 12 30 -78.2   9.7  0.848   8.2
 364/13  2  36.4 21.0 364/13 36  35.0  9.9 13 18  78.1  14.8  1.727  25.5
 364/13 55 -36.6  8.9 364/14 27 -36.6 21.4 14 12 -83.6  10.7  0.894   9.6
 364/14 44  37.4 20.8 364/15 18  36.3  9.4 15  1  82.1  10.3  1.460  15.1
 364/15 36 -37.0  9.2 364/16  9 -35.6 21.2 15 53 -84.4  13.5  1.024  13.8
 364/16 25  35.3 20.9 364/16 59  35.6  9.2 16 42  85.2  14.9  1.235  18.4
 364/17 16 -35.7  9.3 364/17 50 -37.1 21.2 17 33 -81.9  16.2  1.180  19.1
 364/18  7  35.5 20.8 364/18 39  37.5  9.1 18 23  84.9  11.1  1.165  13.0
 364/18 57 -37.0  9.3 364/19 32 -36.6 21.2 19 13 -80.9   9.6  1.305  12.5
 364/19 50  38.5 20.9 364/20 20  36.3  9.1 20  4  84.8   7.2  1.111   8.0
 364/20 37 -35.1  9.3 364/21 13 -37.2 21.1 20 53 -81.1  13.4  1.235  16.6
 364/21 31  36.5 21.2 364/22  1  35.4  9.3 21 45  85.8  50.5  0.915  46.2
 364/23 12  38.8 21.4 364/23 42  36.3  9.5 23 26  86.4  79.4  0.925  73.4
 365/ 0  0 -39.0  8.9 365/ 0 33 -35.1 21.0  0 14 -82.5  73.0  0.827  60.4
 365/ 0 51  37.0 21.1 365/ 1 24  36.2  9.3  1  7  83.5  29.3  1.101  32.2
 365/ 1 41 -37.0  8.5 365/ 2 13 -36.3 21.2  1 56 -78.3  29.7  0.770  22.9
 365/ 2 32  37.3 20.4 365/ 3  6  36.4  9.1  2 49  80.6  12.3  1.398  17.2
 365/ 3 23 -37.1  8.2 365/ 3 55 -37.0 21.7  3 38 -73.1  55.4  0.750  41.6
 365/ 4 15  37.7 20.2 365/ 4 48  36.5  9.5  4 32  77.3  16.0  1.601  25.6
 365/ 5  5 -36.3  8.6 365/ 5 39 -35.4 22.2  5 21 -69.1  32.1  0.940  30.1
 365/ 6 47 -36.5  9.0 365/ 7 22 -36.3 22.5  7  5 -67.5  38.7  1.007  38.9
 365/ 7 41  36.3 20.7 365/ 8 11  38.4 10.2  7 57  74.2  13.4  2.412  32.3
 365/ 8 29 -35.6  9.0 365/ 9  5 -37.1 22.4  8 50 -68.5  74.4  0.851  63.3
 365/ 9 24  36.0 20.8 365/ 9 53  38.1 10.4  9 40  75.0  35.0  1.991  69.7
 365/10 13 -35.6  8.6 365/10 48 -37.7 22.1 10 34 -72.0  39.9  0.706  28.2
 365/11  6  35.2 21.0 365/11 36  38.1 10.5 11 22  76.2  80.0  1.713 137.0
 365/11 58 -35.6  8.5 365/12 31 -36.5 21.8 12 16 -77.3  31.8  0.739  23.5
