1                       ***** SUMMARY LISTING *****
    SATELLITE ID       10            START OF FILE  1997   1/19 59  0
0+-------START-------++--------END--------++---PEAK---++----GIGAWATTS---+
 GMT       CMLAT MLT  GMT       CMLAT MLT  GMT   CMLAT MEAS  CORR   POWER
   1/19 59 -37.4 10.4   1/20 33 -36.0 22.3 20 14 -80.5   3.3  1.350   4.5
   1/21 38 -36.4 10.5   1/22 13 -36.1 22.2 21 53 -80.9   2.7  1.366   3.7
   2/ 0 57 -35.8  9.9   2/ 1 30 -35.5 21.8  1 12 -82.1   5.0  1.090   5.5
   2/ 2 38 -38.1  9.4   2/ 3  9 -35.7 22.2  2 52 -79.0   5.4  0.996   5.3
   2/ 3 27  35.6 21.6   2/ 4  1  37.4 10.3  3 44  81.3   3.0  1.335   4.1
   2/ 4 18 -36.1  9.5   2/ 4 50 -35.0 23.0  4 33 -73.6   6.5  1.000   6.5
   2/ 5 16  59.1 20.8   2/ 5 42  36.6 10.8  5 25  78.1   5.4  1.471   7.9
   2/ 5 59 -36.2  9.9   2/ 6 32 -35.1 23.5  6 15 -69.5   5.8  1.247   7.2
   2/ 7 40 -37.1 10.1   2/ 8 14 -35.1 23.5  7 57 -67.6  11.2  1.261  14.1
   2/ 9 21 -37.3 10.0   2/ 9 55 -37.8 23.5  9 41 -68.3   6.0  1.404   8.4
   2/21  6 -35.3 10.4   2/21 41 -36.7 22.2 21 22 -80.4   6.7  1.274   8.5
   3/ 0 25 -35.4 10.1   3/ 0 58 -37.4 21.9  0 40 -82.3   6.0  1.093   6.6
   3/ 2  6 -38.1  9.5   3/ 2 37 -36.3 22.0  2 20 -80.4   8.9  0.941   8.4
   3/ 3 46 -36.4  9.4   3/ 4 17 -36.9 22.8  4  1 -75.3   6.2  0.997   6.2
   3/ 4 36  35.6 21.6   3/ 5 10  36.2 10.7  4 53  79.2   3.5  1.388   4.9
   3/ 5 27 -36.8  9.7   3/ 5 59 -36.2 23.5  5 42 -70.6   3.4  1.273   4.4
   3/ 7  8 -37.3 10.1   3/ 7 41 -36.4 23.6  7 25 -67.9   1.2  3.470   4.2
   3/ 8 48 -35.5 10.2   3/ 9 23 -36.3 23.5  9  8 -67.8   1.2  3.118   3.9
   3/20 35 -37.4 10.4   3/21  9 -37.0 22.3 20 50 -80.6   5.1  1.294   6.6
   3/22 14 -36.4 10.4   3/22 49 -36.0 22.1 22 29 -81.4   7.1  1.230   8.7
   4/ 0  0 -59.5 10.1   4/ 0 27 -36.8 21.9  0  8 -86.1   3.6  1.177   4.2
   4/ 3 14 -36.7  9.4   4/ 3 45 -36.5 22.4  3 29 -77.0   5.4  0.981   5.3
   4/ 4  4  36.8 21.5   4/ 4 38  35.9 10.5  4 21  80.3   4.2  1.329   5.6
   4/ 4 55 -37.4  9.6   4/ 5 26 -37.3 23.3  5 10 -71.9   5.4  1.083   5.8
   4/ 6 36 -37.6 10.0   4/ 7  9 -35.0 23.5  6 52 -68.5   6.4  1.411   9.0
   4/ 8 16 -35.9 10.2   4/ 8 50 -37.7 23.6  8 35 -67.5   1.6  2.955   4.7
   4/ 9 57 -35.2 10.0   4/10 32 -37.6 23.4 10 18 -69.1   4.3  1.325   5.7
   4/21 42 -35.3 10.4   4/22 17 -36.9 22.2 21 57 -80.8   3.7  1.291   4.7
   5/ 1  2 -37.9  9.9   5/ 1 34 -36.2 21.8  1 16 -82.4   8.4  0.999   8.4
   5/ 2 42 -36.8  9.4   5/ 3 13 -36.6 22.2  2 57 -78.7   6.3  0.975   6.1
   5/ 4 23 -38.0  9.4   5/ 4 54 -36.1 23.0  4 38 -73.4   4.3  1.034   4.5
   5/ 6  3 -35.0  9.9   5/ 6 36 -36.1 23.6  6 19 -69.4   8.1  1.145   9.2
   5/ 6 58  45.0 21.5   5/ 7 27  36.7 11.1  7 11  75.5   4.5  1.923   8.7
   5/ 7 44 -36.1 10.1   5/ 8 18 -36.2 23.6  8  2 -67.6   1.5  3.171   4.7
   5/ 9 25 -36.3 10.0   5/10  0 -36.0 23.4  9 45 -68.3   1.0  2.678   2.6
   5/21 11 -37.5 10.4   5/21 45 -37.5 22.2 21 26 -80.8   2.0  1.399   2.8
   6/ 0 30 -37.6 10.0   6/ 1  3 -35.4 21.8  0 44 -82.7   2.9  1.186   3.4
   6/ 1 24  47.5 22.1   6/ 1 53  35.9 10.2  1 36  86.1   1.5  1.356   2.1
   6/ 2 10 -36.9  9.5   6/ 2 41 -37.1 22.0  2 25 -80.2   2.5  1.156   2.9
   6/ 3 50 -35.2  9.4   6/ 4 22 -35.1 22.7  4  5 -75.0   5.9  1.011   6.0
   6/ 4 41  37.5 21.5   6/ 5 14  37.5 10.7  4 57  79.1   1.9  1.570   3.0
   6/ 5 31 -35.6  9.8   6/ 6  3 -37.2 23.5  5 47 -70.4   5.1  1.170   6.0
   6/ 7 12 -36.2 10.1   6/ 7 45 -37.5 23.7  7 29 -67.9   1.0  3.691   3.8
   6/ 8  4  35.2 21.8   6/ 8 35  37.9 11.2  8 21  74.5   3.4  2.485   8.5
   6/ 8 53 -37.1 10.0   6/ 9 27 -37.5 23.5  9 12 -67.8   0.9  3.415   2.9
   7/ 4 15  57.2 20.9   7/ 4 42  37.1 10.5  4 25  80.2  12.2  1.235  15.1
   7/ 4 59 -36.2  9.6   7/ 5 31 -35.7 23.3  5 14 -71.7  47.4  0.968  45.8
   7/ 6 40 -36.5 10.0   7/ 7 13 -36.0 23.6  6 56 -68.4   6.6  1.445   9.5
   7/ 8 21 -37.5 10.1   7/ 8 55 -36.0 23.5  8 39 -67.5   2.6  2.368   6.2
   7/20  7 -35.4 10.4   7/20 42 -35.1 22.3 20 23 -80.2  11.7  1.230  14.3
   7/21 47 -37.6 10.4   7/22 22 -35.0 22.2 22  2 -81.2   5.5  1.262   6.9
   8/ 1  6 -36.7  9.8   8/ 1 38 -36.8 21.8  1 21 -82.2   5.4  1.074   5.7
   8/ 2 46 -35.6  9.4   8/ 3 17 -37.5 22.2  3  1 -78.4  10.5  0.906   9.5
   8/ 4 27 -36.8  9.5   8/ 4 58 -37.1 23.1  4 42 -73.2  10.3  0.947   9.8
   8/ 6  8 -36.9  9.9   8/ 6 40 -37.2 23.6  6 24 -69.2   4.5  1.431   6.4
   8/ 7 48 -35.0 10.2   8/ 8 22 -37.3 23.6  8  6 -67.6   1.6  3.063   4.8
   8/ 9 29 -35.3 10.0   8/10  4 -37.2 23.4  9 49 -68.4   6.8  1.271   8.7
   8/21 15 -36.5 10.4   8/21 50 -35.7 22.2 21 30 -80.8   2.6  1.372   3.5
   9/ 0 34 -36.4 10.0   9/ 1  7 -36.0 21.8  0 49 -82.5  29.0  0.930  27.0
   9/ 2 14 -35.7  9.5   9/ 2 46 -35.0 22.0  2 29 -79.8   6.5  0.992   6.5
   9/ 3 55 -37.3  9.4   9/ 4 26 -36.1 22.8  4 10 -74.8   4.3  1.050   4.6
   9/ 5 36 -37.5  9.7   9/ 6  8 -35.7 23.4  5 51 -70.2   1.6  1.668   2.6
   9/ 7 16 -35.2 10.1   9/ 7 50 -35.8 23.5  7 33 -67.8   5.0  1.788   9.0
   9/ 8 57 -36.1 10.1   9/ 9 32 -35.7 23.4  9 16 -67.8  12.3  1.219  15.0
   9/20 43 -35.5 10.4   9/21 18 -36.0 22.2 20 59 -80.3   3.1  1.356   4.2
  10/ 1 42 -35.7  9.7  10/ 2 14 -36.0 21.9  1 57 -81.1   8.8  0.963   8.4
  10/ 4 20  59.1 20.8  10/ 4 47  35.2 10.5  4 30  80.0  17.8  1.160  20.6
  10/ 5  3 -35.0  9.6  10/ 5 35 -36.8 23.3  5 19 -71.5   9.2  1.032   9.5
  10/ 6 44 -35.4 10.0  10/ 7 17 -37.1 23.6  7  1 -68.3  87.2  1.097  95.6
  10/ 7 36  35.5 21.8  10/ 8  8  35.9 11.1  7 53  74.7 105.5  1.173 123.7
  10/ 8 25 -36.5 10.1  10/ 8 59 -37.1 23.5  8 44 -67.5  73.7  1.057  77.9
  10/20 12 -37.7 10.4  10/20 46 -36.0 22.2 20 27 -80.5  20.2  1.135  22.9
  10/21 51 -36.6 10.4  10/22 26 -35.8 22.1 22  6 -81.2  19.0  1.103  20.9
  11/ 1 10 -35.6  9.8  11/ 1 42 -37.5 21.8  1 25 -81.9  23.9  0.909  21.8
  11/ 2 51 -37.8  9.3  11/ 3 22 -35.4 22.2  3  5 -78.2  11.2  0.898  10.0
  11/ 4 31 -35.6  9.5  11/ 5  3 -35.5 23.0  4 46 -72.9   3.8  1.044   4.0
  11/ 5 22  36.6 21.6  11/ 5 55  37.1 10.8  5 39  77.7   5.4  1.530   8.2
  11/ 6 12 -35.7  9.9  11/ 6 45 -35.6 23.5  6 28 -69.1   2.7  1.777   4.8
  11/ 7 53 -36.8 10.1  11/ 8 27 -35.6 23.5  8 11 -67.5   3.5  2.138   7.4
  11/ 8 46  37.1 21.7  11/ 9 16  37.0 11.1  9  2  74.5   2.6  2.563   6.6
  11/ 9 34 -36.8  9.9  11/10  9 -35.4 23.3  9 54 -68.4   9.7  1.148  11.1
  11/21 19 -35.5 10.4  11/21 54 -36.5 22.2 21 34 -80.7   4.1  1.285   5.3
  12/ 0 38 -35.3 10.0  12/ 1 11 -36.6 21.8  0 53 -82.3   4.8  1.115   5.3
  12/ 1 30  38.4 22.1  12/ 2  2  35.2 10.2  1 45  85.1   4.8  1.249   6.0
  12/ 2 19 -37.9  9.5  12/ 2 50 -35.8 22.0  2 33 -79.9  10.3  0.925   9.5
  12/ 3 15  57.3 21.2  12/ 3 42  37.6 10.2  3 25  82.5   2.3  1.397   3.2
  12/ 3 59 -36.1  9.4  12/ 4 30 -37.1 22.8  4 14 -74.6   4.9  1.053   5.2
  12/ 5 40 -36.3  9.7  12/ 6 12 -36.7 23.5  5 56 -70.1  10.0  1.052  10.5
  12/ 7 21 -37.0 10.0  12/ 7 54 -37.0 23.6  7 38 -67.7  26.1  1.093  28.5
  12/ 8 13  35.7 21.8  12/ 8 44  37.0 11.1  8 30  74.5  60.3  1.264  76.2
  12/ 9  1 -35.1 10.1  12/ 9 36 -36.9 23.4  9 21 -67.9  10.5  1.241  13.0
  12/20 48 -37.8 10.4  12/21 22 -36.9 22.2 21  3 -80.7  20.5  1.130  23.1
  12/22 27 -36.7 10.3  12/23  2 -35.4 22.0 22 42 -81.6  19.1  1.072  20.4
  13/ 1 47 -37.9  9.6  13/ 2 18 -36.7 21.9  2  1 -81.2   9.8  0.948   9.3
  13/ 3 27 -36.4  9.3  13/ 3 58 -36.5 22.5  3 42 -76.3  25.7  0.841  21.6
  13/ 4 22  51.8 21.1  13/ 4 51  36.3 10.5  4 34  79.9   8.1  1.300  10.5
  13/ 5  8 -37.0  9.6  13/ 5 40 -35.2 23.2  5 23 -71.3  15.1  0.986  14.9
  13/ 6 49 -37.3  9.9  13/ 7 22 -35.5 23.5  7  5 -68.2   6.0  1.581   9.4
  13/ 8 29 -35.6 10.1  13/ 9  4 -35.4 23.4  8 48 -67.5  14.2  1.160  16.5
  13/20 16 -36.7 10.4  13/20 50 -36.9 22.2 20 31 -80.4   3.2  1.360   4.4
  13/21 55 -35.6 10.4  13/22 30 -36.5 22.1 22 10 -81.1   3.5  1.277   4.5
  14/ 1 15 -37.8  9.8  14/ 1 47 -35.4 21.8  1 29 -82.2   4.0  1.120   4.5
  14/ 2 55 -36.6  9.4  14/ 3 26 -36.3 22.2  3 10 -78.0   3.4  1.052   3.6
  14/ 3 52  58.8 20.9  14/ 4 19  36.0 10.3  4  2  81.1   1.5  1.482   2.2
  14/ 4 36 -37.6  9.4  14/ 5  7 -36.5 23.1  4 51 -72.8   2.6  1.117   2.9
  14/ 6 17 -37.7  9.8  14/ 6 49 -36.7 23.5  6 33 -69.0   9.9  1.144  11.3
  14/ 7  9  38.5 21.7  14/ 7 40  37.1 11.0  7 25  75.2   5.4  1.975  10.6
  14/ 7 57 -35.9 10.1  14/ 8 31 -36.8 23.5  8 15 -67.5   4.2  1.863   7.8
  14/ 8 50  36.0 21.7  14/ 9 20  38.2 11.1  9  6  74.5   2.2  2.569   5.8
  14/21 24 -37.9 10.4  14/21 58 -37.3 22.1 21 39 -81.1   5.0  1.281   6.3
  15/ 0 43 -37.6  9.9  15/ 1 15 -37.2 21.8  0 57 -82.7   4.4  1.122   5.0
  15/ 2 23 -36.7  9.4  15/ 2 54 -36.6 22.0  2 38 -79.7   5.6  1.007   5.6
  15/ 4  4 -38.2  9.3  15/ 4 35 -35.4 22.8  4 18 -74.4   6.1  1.022   6.2
  15/ 5 44 -35.2  9.8  15/ 6 17 -35.2 23.4  5 60 -69.9   3.6  1.354   4.8
  15/ 6 38  42.9 21.5  15/ 7  8  36.9 11.0  6 52  75.9   2.8  1.880   5.2
  15/ 7 25 -36.1 10.0  15/ 7 59 -35.3 23.4  7 42 -67.7   1.8  2.844   5.1
  15/ 8 18  37.3 21.7  15/ 8 48  38.2 11.1  8 34  74.6   6.1  2.254  13.7
  15/ 9  6 -36.7 10.0  15/ 9 41 -35.1 23.3  9 25 -67.9   8.6  1.333  11.4
  15/20 52 -36.8 10.4  15/21 27 -35.0 22.2 21  7 -80.7   2.4  1.396   3.4
  16/ 0 11 -37.2 10.1  16/ 0 44 -36.5 21.8  0 25 -82.8   2.8  1.219   3.5
  16/ 1  2  35.0 22.2  16/ 1 34  35.9 10.3  1 17  85.7   1.3  1.307   1.6
  16/ 1 51 -36.8  9.6  16/ 2 22 -37.5 21.9  2  6 -81.0  14.7  0.902  13.3
  16/ 2 47  55.9 21.4  16/ 3 15  35.2 10.1  2 57  83.6   1.3  1.449   1.9
  16/ 3 31 -35.3  9.3  16/ 4  2 -37.5 22.5  3 46 -76.0   3.9  1.019   4.0
  16/ 5 12 -35.9  9.6  16/ 5 44 -36.3 23.3  5 27 -71.1   5.6  1.117   6.3
  16/ 6 53 -36.2 10.0  16/ 7 26 -36.6 23.5  7 10 -68.1   2.0  2.603   5.3
  16/ 7 45  36.0 21.7  16/ 8 16  38.2 11.1  8  2  74.7   1.5  2.459   3.7
  16/ 8 34 -37.3 10.0  16/ 9  8 -36.5 23.4  8 52 -67.6   8.1  1.388  11.3
  16/ 9 27  36.2 21.7  16/ 9 57  35.9 11.1  9 43  74.6   3.2  2.526   8.1
  16/20 20 -35.8 10.3  16/20 55 -35.1 22.2 20 36 -80.4   1.8  1.413   2.5
  16/22  0 -38.0 10.4  16/22 34 -37.3 22.1 22 14 -81.6   2.7  1.304   3.5
  17/ 1 19 -36.7  9.7  17/ 1 51 -36.1 21.8  1 34 -82.0   4.6  1.089   5.0
  17/ 3 53  50.1 21.2  17/ 4 23  37.1 10.3  4  6  80.5   1.2  1.505   1.8
  17/ 4 40 -36.5  9.5  17/ 5 11 -37.5 23.1  4 55 -72.6   2.0  1.186   2.4
  17/ 6 21 -36.6  9.8  17/ 6 54 -35.1 23.4  6 37 -68.8   1.6  2.323   3.8
  17/ 7 14  40.2 21.6  17/ 7 44  38.2 11.0  7 29  75.2   1.0  2.271   2.2
  17/ 8  2 -37.7 10.0  17/ 8 36 -35.1 23.4  8 20 -67.4   1.8  2.775   5.0
  17/ 8 55  37.5 21.6  17/ 9 25  35.9 11.1  9 11  74.5   1.1  2.447   2.8
  17/ 9 43 -37.3  9.8  17/10 17 -37.8 23.3 10  3 -68.7   1.7  1.932   3.3
  17/21 28 -36.9 10.4  17/22  3 -35.5 22.1 21 43 -81.1  10.2  1.232  12.6
  18/ 2 27 -35.6  9.4  18/ 2 58 -37.5 22.1  2 42 -79.4  23.8  0.830  19.8
  18/ 3 19  42.5 21.4  18/ 3 51  36.7 10.2  3 34  82.0   7.2  1.266   9.1
  18/ 4  8 -37.1  9.3  18/ 4 39 -36.4 22.8  4 23 -74.1  16.7  0.886  14.8
  18/ 5 49 -37.2  9.7  18/ 6 21 -36.2 23.4  6  4 -69.8   7.2  1.127   8.1
  18/ 7 29 -35.1 10.1  18/ 8  3 -36.4 23.5  7 47 -67.7   7.3  1.535  11.2
  18/ 8 22  36.2 21.7  18/ 8 53  36.0 11.0  8 38  74.4   3.9  2.458   9.6
  18/ 9 10 -35.7 10.0  18/ 9 45 -36.3 23.3  9 30 -68.0   9.6  1.254  12.0
  18/20 56 -35.9 10.3  18/21 31 -35.9 22.2 21 11 -80.6   2.4  1.398   3.4
  18/22 36 -38.1 10.3  18/23 10 -36.8 22.0 22 50 -82.1   5.6  1.222   6.8
  19/ 1  7  37.7 22.2  19/ 1 38  37.0 10.3  1 22  85.8   5.5  1.217   6.7
  19/ 1 55 -35.6  9.6  19/ 2 27 -35.5 21.9  2 10 -80.7   5.8  1.025   6.0
  19/ 3 36 -37.5  9.3  19/ 4  7 -35.6 22.5  3 51 -75.9   7.5  0.951   7.1
  19/ 5 17 -37.9  9.5  19/ 5 48 -37.3 23.3  5 32 -71.0   3.0  1.278   3.8
  19/ 6 57 -35.2 10.0  19/ 7 31 -35.0 23.4  7 14 -68.1   1.6  3.070   4.8
  19/ 7 50  37.5 21.7  19/ 8 21  36.0 11.0  8  6  74.6   1.7  2.476   4.1
  19/ 8 38 -36.4 10.0  19/ 9 12 -37.7 23.4  8 57 -67.6   2.1  2.433   5.2
  19/ 9 31  35.1 21.7  19/10  1  37.2 11.1  9 47  74.7   3.7  2.480   9.2
  19/20 25 -38.2 10.3  19/20 59 -36.1 22.2 20 40 -80.7  14.0  1.199  16.8
  20/ 1 23 -35.6  9.7  20/ 1 55 -36.9 21.8  1 38 -81.7   5.2  1.070   5.6
  20/ 2 14  37.8 21.8  20/ 2 47  35.9 10.1  2 30  83.7   3.0  1.337   4.0
  20/ 3  4 -37.7  9.3  20/ 3 35 -35.3 22.2  3 18 -77.6   3.6  1.043   3.7
  20/ 4 44 -35.4  9.5  20/ 5 16 -35.9 23.1  4 59 -72.3   2.8  1.138   3.2
  20/ 6 25 -35.6  9.9  20/ 6 58 -36.2 23.5  6 41 -68.7   1.6  2.447   3.8
  20/ 7 20  44.6 21.4  20/ 7 49  36.0 11.0  7 34  75.2   1.8  2.259   4.0
  20/ 8  6 -36.8 10.0  20/ 8 40 -36.2 23.4  8 24 -67.5   1.5  3.092   4.7
  20/19 53 -37.1 10.3  20/20 27 -36.0 22.2 20  8 -80.6   7.4  1.275   9.5
  20/21 32 -36.0 10.3  20/22  7 -36.3 22.1 21 47 -80.9  15.4  1.154  17.7
  21/ 0 51 -35.5  9.9  21/ 1 24 -35.8 21.8  1  6 -82.3  18.8  0.940  17.6
  21/ 2 32 -37.9  9.4  21/ 3  3 -35.6 22.0  2 46 -79.3  18.8  0.851  16.0
  21/ 7 34 -37.0 10.0  21/ 8  7 -37.6 23.5  7 51 -67.6   7.1  1.553  11.0
  21/ 9 15 -37.4  9.8  21/ 9 49 -37.5 23.3  9 34 -68.1  18.3  1.070  19.5
  21/21  0 -35.0 10.3  21/21 35 -36.8 22.1 21 16 -80.5   3.8  1.298   5.0
  21/22 40 -37.2 10.3  21/23 14 -37.4 22.0 22 55 -82.0   4.7  1.216   5.7
  22/ 1 11  36.8 22.2  22/ 1 43  35.0 10.2  1 26  85.4   3.7  1.248   4.7
  22/ 2  0 -38.0  9.5  22/ 2 31 -36.4 21.9  2 14 -80.8   4.5  1.067   4.8
  22/ 2 54  50.5 21.4  22/ 3 23  37.4 10.2  3  6  83.2  31.4  1.083  34.0
  22/ 3 40 -36.4  9.3  22/ 4 11 -36.6 22.6  3 55 -75.6  11.2  0.908  10.1
  22/ 4 30  35.8 21.5  22/ 5  4  36.6 10.5  4 47  79.4  28.4  1.093  31.1
  22/ 5 21 -36.8  9.6  22/ 5 53 -35.8 23.3  5 36 -70.8  17.2  0.983  16.9
  22/ 7  2 -37.2  9.9  22/ 7 35 -36.1 23.4  7 18 -68.0   7.9  1.482  11.7
  22/ 7 54  36.4 21.7  22/ 8 25  37.1 11.0  8 10  74.6   6.4  2.196  14.1
  22/ 8 42 -35.5 10.0  22/ 9 17 -36.0 23.3  9  1 -67.6   7.6  1.440  11.0
  22/20 29 -37.3 10.3  22/21  3 -37.0 22.1 20 44 -80.7   4.8  1.302   6.3
  22/22  8 -36.1 10.3  22/22 43 -36.2 22.0 22 23 -81.4   4.0  1.256   5.0
  23/ 1 28 -38.0  9.7  23/ 1 59 -37.6 21.8  1 42 -82.0   9.1  0.971   8.9
  23/ 3  8 -36.6  9.3  23/ 3 39 -36.3 22.3  3 23 -77.4   7.0  0.944   6.6
  23/ 3 58  36.8 21.4  23/ 4 32  36.2 10.3  4 15  80.4   4.8  1.312   6.4
  23/ 4 49 -37.5  9.4  23/ 5 20 -37.0 23.1  5  4 -72.2   5.8  1.056   6.1
  23/ 6 30 -37.6  9.8  23/ 7  2 -37.3 23.5  6 46 -68.7   6.9  1.330   9.2
  23/ 9  3  35.3 21.7  23/ 9 33  38.3 11.1  9 20  74.5   3.3  2.541   8.5
  23/19 57 -36.3 10.3  23/20 31 -37.0 22.1 20 13 -80.5   2.6  1.397   3.7
  23/21 36 -35.1 10.3  23/22 11 -37.1 22.1 21 51 -80.9   2.2  1.396   3.1
  24/ 0 56 -37.9  9.8  24/ 1 28 -36.5 21.8  1 10 -82.6   3.8  1.144   4.3
  24/ 1 49  45.0 22.0  24/ 2 19  36.5 10.2  2  2  85.0   1.7  1.369   2.4
  24/ 2 36 -36.8  9.4  24/ 3  7 -36.5 22.1  2 51 -79.0   4.0  1.047   4.2
  24/ 3 29  46.4 21.3  24/ 4  0  35.8 10.2  3 43  81.8   1.5  1.443   2.2
  24/ 4 17 -38.2  9.3  24/ 4 48 -35.7 22.9  4 31 -73.8   2.4  1.109   2.7
  24/ 5 57 -35.1  9.8  24/ 6 30 -35.8 23.4  6 13 -69.5   1.2  2.117   2.6
  24/ 7 38 -36.1 10.0  24/ 8 12 -35.9 23.4  7 56 -67.6   1.3  3.354   4.4
  24/ 9 19 -36.5  9.9  24/ 9 54 -35.8 23.2  9 39 -68.1   8.3  1.296  10.8
  24/21  5 -37.4 10.3  24/21 40 -35.0 22.1 21 20 -81.0   4.1  1.291   5.4
  25/ 0 24 -37.5 10.0  25/ 0 57 -35.8 21.8  0 38 -83.0   7.5  1.066   8.0
  25/ 2  4 -36.9  9.5  25/ 2 35 -37.2 21.9  2 18 -80.5   6.9  0.991   6.8
  25/ 3 44 -35.3  9.3  25/ 4 15 -37.6 22.6  3 59 -75.4  14.2  0.881  12.5
  25/ 6 19  45.9 21.3  25/ 6 49  36.8 10.9  6 33  75.9   8.8  1.586  13.9
  25/ 7  6 -36.3  9.9  25/ 7 39 -37.2 23.5  7 23 -68.0  10.2  1.314  13.4
  25/ 7 58  35.2 21.7  25/ 8 29  38.3 11.0  8 15  74.6   4.9  2.323  11.4
  25/ 8 47 -37.3  9.9  25/ 9 21 -37.2 23.3  9  6 -67.7  11.3  1.242  14.0
  25/20 33 -36.4 10.3  25/21  8 -35.3 22.2 20 48 -80.6  10.5  1.246  13.1
  25/22 12 -35.2 10.3  25/22 47 -37.0 22.0 22 27 -81.4   6.0  1.242   7.5
  26/ 1 32 -36.9  9.7  26/ 2  4 -35.6 21.8  1 46 -81.7   5.7  1.055   6.0
  26/ 2 22  36.0 21.8  26/ 2 55  38.0 10.1  2 39  83.4   4.8  1.288   6.2
  26/ 3 12 -35.6  9.3  26/ 3 43 -37.3 22.4  3 27 -77.1  13.9  0.868  12.1
  26/ 4  2  35.7 21.4  26/ 4 36  37.3 10.4  4 19  80.2   3.2  1.378   4.3
  26/ 4 53 -36.4  9.5  26/ 5 25 -35.5 23.1  5  8 -72.0   4.8  1.086   5.2
  26/ 6 34 -36.7  9.8  26/ 7  7 -35.8 23.4  6 50 -68.5   1.6  2.626   4.1
  26/ 8 14 -35.0 10.0  26/ 8 49 -35.8 23.3  8 33 -67.5   1.1  3.454   3.9
  26/21 41 -37.6 10.3  26/22 16 -35.3 22.1 21 56 -81.4  11.4  1.207  13.7
  27/ 1  0 -36.8  9.8  27/ 1 32 -37.1 21.8  1 14 -82.5  18.1  0.937  16.9
  27/ 1 54  47.4 21.9  27/ 2 23  37.5 10.2  2  7  85.1   7.3  1.236   9.0
  27/ 2 40 -35.7  9.4  27/ 3 11 -37.4 22.1  2 55 -78.8  16.7  0.859  14.3
  27/ 3 30  36.4 21.5  27/ 4  4  36.8 10.2  3 47  81.3  30.1  1.081  32.6
  27/ 4 21 -37.1  9.3  27/ 4 52 -36.8 22.9  4 36 -73.6  12.8  0.917  11.8
  27/ 6  2 -37.2  9.7  27/ 6 34 -36.9 23.4  6 17 -69.4   6.1  1.229   7.5
  27/ 7 42 -35.2 10.0  27/ 8 16 -37.1 23.4  7 60 -67.6   6.9  1.571  10.8
  27/ 8 35  35.5 21.7  27/ 9  6  35.8 11.0  8 52  74.4   7.6  2.172  16.5
  27/ 9 23 -35.6  9.9  27/ 9 58 -37.0 23.2  9 43 -68.3   9.9  1.192  11.8
  28/ 1 26  62.6 21.9  28/ 1 51  37.1 10.2  1 35  85.2  20.1  1.057  21.3
  28/ 2  8 -35.9  9.5  28/ 2 40 -35.2 21.9  2 23 -80.2  14.1  0.899  12.7
  28/ 3  2  48.3 21.4  28/ 3 32  36.4 10.1  3 15  82.8  31.4  1.095  34.3
  28/ 3 49 -37.6  9.3  28/ 4 20 -35.9 22.6  4  3 -75.2  53.1  0.920  48.9
  28/ 4 39  36.3 21.4  28/ 5 13  35.5 10.5  4 56  79.1  18.2  1.189  21.7
  28/ 5 30 -37.8  9.6  28/ 6  2 -35.4 23.3  5 45 -70.5  10.3  1.032  10.6
  28/ 7 10 -35.4  9.9  28/ 7 44 -35.7 23.4  7 27 -67.9   6.4  1.641  10.5
  28/ 8  3  36.8 21.6  28/ 8 34  35.9 10.9  8 19  74.5   6.8  2.185  14.9
  28/22 17 -37.8 10.3  28/22 52 -35.1 22.0 22 31 -81.9  17.9  1.087  19.4
  29/ 0  0 -50.4 10.1  29/ 0 30 -35.8 21.8  0 11 -85.3  60.3  0.936  56.4
  29/ 1 36 -35.9  9.7  29/ 2  8 -36.3 21.8  1 51 -81.5  14.1  0.932  13.1
  29/ 3 17 -37.9  9.3  29/ 3 48 -35.5 22.3  3 31 -77.0   9.1  0.906   8.2
  29/ 4 57 -35.4  9.5  29/ 5 29 -36.5 23.2  5 12 -71.8  11.7  0.990  11.6
  29/ 6 38 -35.7  9.9  29/ 7 11 -36.9 23.4  6 54 -68.5   4.6  1.662   7.6
  29/ 8 19 -36.9  9.9  29/ 8 53 -36.9 23.3  8 37 -67.5   3.3  2.164   7.1
  29/21 45 -36.8 10.3  29/22 20 -36.1 22.1 21 60 -81.3  27.1  1.065  28.8
  30/ 1  4 -35.8  9.8  30/ 1 37 -35.2 21.8  1 19 -82.3  28.2  0.901  25.4
  30/ 2 45 -38.2  9.3  30/ 3 16 -35.5 22.1  2 59 -78.7  11.3  0.900  10.2
  30/ 5 24  60.4 20.6  30/ 5 49  37.0 10.7  5 33  77.9   9.8  1.381  13.5
  30/ 6  6 -36.2  9.7  30/ 6 39 -35.4 23.3  6 22 -69.3  10.5  1.082  11.3
  31/ 0 32 -35.6  9.9  31/ 1  5 -37.0 21.8  0 47 -82.6  30.6  0.932  28.5
  31/ 2 13 -38.3  9.5  31/ 2 44 -36.1 22.0  2 27 -80.3  24.2  0.841  20.4
  31/ 3  5  44.1 21.5  31/ 3 36  37.4 10.2  3 19  82.5  24.5  1.119  27.4
  31/ 3 53 -36.5  9.3  31/ 4 24 -37.0 22.7  4  8 -75.0  17.7  0.875  15.4
  31/ 5 34 -36.8  9.6  31/ 6  6 -36.5 23.3  5 49 -70.4   7.4  1.085   8.1
  31/ 7 15 -37.5  9.9  31/ 7 48 -36.8 23.4  7 32 -67.9   9.2  1.347  12.5
  31/ 8 55 -35.6  9.9  31/ 9 30 -36.8 23.2  9 15 -67.8   5.6  1.588   8.9
  31/20 42 -38.1 10.3  31/21 16 -37.2 22.1 20 57 -80.9  38.9  1.029  40.1
  31/22 21 -36.9 10.3  31/22 56 -35.9 22.0 22 36 -81.9  17.0  1.098  18.6
  32/ 1 41 -38.4  9.6  32/ 2 12 -37.1 21.9  1 55 -81.7   9.0  0.964   8.7
  32/ 3 21 -36.9  9.3  32/ 3 52 -36.5 22.4  3 36 -76.7   4.1  1.015   4.1
  32/ 4 11  36.3 21.4  32/ 4 45  36.1 10.4  4 28  80.0   2.7  1.436   3.9
  32/ 5  2 -37.6  9.5  32/ 5 34 -35.1 23.1  5 17 -71.7   3.7  1.162   4.3
  32/ 6 43 -37.8  9.8  32/ 7 16 -35.4 23.3  6 59 -68.4   1.5  2.883   4.3
  32/ 7 35  36.9 21.6  32/ 8  6  36.9 10.9  7 51  74.8   1.9  2.490   4.7
  32/20 10 -37.1 10.3  32/20 44 -37.2 22.1 20 25 -80.7   2.8  1.395   3.9
  32/21 49 -35.9 10.3  32/22 24 -36.9 22.0 22  4 -81.3   2.1  1.353   2.8
  33/ 1  9 -38.3  9.8  33/ 1 41 -35.9 21.8  1 23 -82.6   3.6  1.149   4.1
  33/ 2 49 -37.1  9.3  33/ 3 20 -36.5 22.2  3  3 -78.5   6.3  0.972   6.1
  33/ 3 46  58.3 21.0  33/ 4 13  35.7 10.2  3 56  81.3   7.1  1.282   9.1
  33/ 4 29 -35.0  9.4  33/ 5  1 -36.3 23.0  4 44 -73.1  18.8  0.897  16.8
  33/ 6 10 -35.2  9.8  33/ 6 43 -36.5 23.4  6 26 -69.2  11.7  1.058  12.4
  33/ 7  5  44.0 21.3  33/ 7 34  36.9 10.9  7 19  75.4   3.7  1.984   7.4
  33/ 7 51 -36.3  9.9  33/ 8 25 -36.7 23.3  8  9 -67.6   5.1  1.735   8.8
  33/ 8 44  35.8 21.6  33/ 9 14  38.0 11.0  9  0  74.5   3.4  2.519   8.4
  33/21 18 -38.3 10.3  33/21 53 -35.0 22.1 21 33 -81.3  18.8  1.125  21.2
  34/ 0 37 -38.1  9.9  34/ 1 10 -35.1 21.8  0 51 -83.1  17.6  0.958  16.9
  34/ 2 17 -37.3  9.5  34/ 2 48 -37.0 22.0  2 31 -80.1   9.0  0.938   8.4
  34/ 3 14  58.6 21.1  34/ 3 41  35.3 10.1  3 24  82.6   4.1  1.288   5.3
  34/ 3 57 -35.5  9.4  34/ 4 29 -35.4 22.7  4 12 -74.7   9.5  0.945   9.0
  34/ 5 38 -35.8  9.7  34/ 6 11 -35.1 23.3  5 54 -70.2   6.8  1.119   7.6
  34/ 7 19 -36.6  9.9  34/ 7 53 -35.3 23.3  7 36 -67.8   3.4  2.190   7.5
  34/20 46 -37.3 10.3  34/21 21 -35.5 22.1 21  1 -80.9   5.1  1.288   6.5
  34/22 25 -36.1 10.3  34/23  0 -36.6 22.0 22 40 -81.8  10.6  1.180  12.5
  35/ 0  5 -37.7 10.0  35/ 0 38 -37.1 21.8  0 19 -83.1  22.2  0.955  21.2
  35/ 1 45 -37.4  9.6  35/ 2 17 -35.1 21.9  1 59 -81.4   7.0  1.000   7.0
  35/ 2 35  36.3 21.7  35/ 3  8  38.0 10.2  2 52  82.9   5.6  1.285   7.2
  35/ 3 25 -35.9  9.3  35/ 3 56 -37.5 22.5  3 40 -76.5   4.7  1.001   4.7
  35/ 5 57  35.6 21.6  35/ 6 30  36.2 10.8  6 14  76.6   8.0  1.499  11.9
  35/ 6 47 -36.9  9.8  35/ 7 20 -36.5 23.4  7  3 -68.4  12.1  1.209  14.7
  35/ 7 39  35.8 21.6  35/ 8 10  38.0 10.9  7 56  74.8   3.4  2.411   8.3
  35/ 8 27 -35.2  9.9  35/ 9  2 -36.5 23.3  8 46 -67.6   2.9  2.244   6.5
  35/18 35 -37.3 10.3  35/19  8 -36.8 22.1 18 51 -81.7   6.7  1.251   8.3
  35/21 53 -35.1 10.3  35/22 29 -35.1 22.0 22  8 -81.3   2.9  1.307   3.7
  36/ 1 13 -37.3  9.8  36/ 1 45 -36.6 21.8  1 27 -82.4   4.4  1.106   4.8
  36/ 2  9  54.3 21.7  36/ 2 36  37.4 10.2  2 20  84.9   6.2  1.254   7.8
  36/ 2 53 -36.1  9.4  36/ 3 24 -37.4 22.2  3  8 -78.2   6.2  0.969   6.1
  36/ 3 43  35.8 21.5  36/ 4 17  36.7 10.3  4  0  81.0   1.7  1.460   2.5
  36/ 4 34 -37.2  9.4  36/ 5  5 -37.4 23.0  4 49 -73.0   3.0  1.076   3.3
  36/ 6 15 -37.3  9.7  36/ 6 48 -35.1 23.3  6 31 -69.1   1.6  2.220   3.5
  36/ 7 55 -35.5  9.9  36/ 8 30 -35.1 23.2  8 13 -67.5   1.4  3.225   4.6
  36/ 8 49  37.3 21.5  36/ 9 19  35.4 10.9  9  5  74.5   1.1  2.455   2.8
  36/20 40  57.8 21.8  36/21  4  37.4 10.0 20 49  88.3  11.0  1.076  11.8
  36/21 22 -37.5 10.3  36/21 57 -35.9 22.1 21 37 -81.2   5.3  1.278   6.8
  37/ 0 41 -37.2  9.9  37/ 1 14 -35.8 21.8  0 55 -82.9   4.7  1.116   5.3
  37/ 2 21 -36.3  9.5  37/ 2 53 -35.0 22.0  2 36 -79.8   5.2  1.017   5.3
  37/ 3 18  57.5 21.2  37/ 3 45  36.3 10.2  3 28  82.4   3.7  1.297   4.9
  37/ 4  2 -37.9  9.3  37/ 4 33 -36.4 22.7  4 16 -74.6   3.6  1.064   3.8
  37/ 5 43 -38.0  9.6  37/ 6 15 -36.2 23.3  5 58 -70.1  24.5  0.987  24.2
  37/ 7 23 -35.7  9.9  37/ 7 57 -36.4 23.3  7 40 -67.8  20.3  1.114  22.6
  37/ 8 16  36.0 21.6  37/ 8 47  35.5 10.9  8 32  74.4   9.5  2.021  19.1
  37/20 50 -36.5 10.3  37/21 25 -36.4 22.1 21  5 -80.8   3.0  1.355   4.1
  38/ 1  6  54.9 22.1  38/ 1 32  36.5 10.3  1 16  87.0  10.2  1.154  11.7
  38/ 1 49 -36.4  9.6  38/ 2 21 -36.0 21.9  2  4 -81.2  11.0  0.934  10.3
  38/ 5 10 -35.6  9.6  38/ 5 42 -37.2 23.2  5 26 -71.4   5.3  1.120   6.0
  38/ 6 51 -36.0  9.9  38/ 7 25 -35.0 23.3  7  8 -68.3   1.2  3.282   4.1
  38/ 7 44  37.3 21.6  38/ 8 15  35.5 10.9  8  0  74.6   1.4  2.442   3.4
  38/20 18 -35.5 10.3  38/20 53 -36.4 22.1 20 34 -80.6   3.2  1.362   4.3
  38/21 58 -37.7 10.3  38/22 33 -36.0 22.0 22 13 -81.8   7.4  1.240   9.2
  39/ 1 17 -36.4  9.8  39/ 1 49 -37.4 21.9  1 32 -82.2   9.4  0.971   9.1
  39/ 2 11  46.6 21.8  39/ 2 41  35.3 10.2  2 24  84.4   4.3  1.276   5.5
  39/ 2 57 -35.1  9.4  39/ 3 29 -35.5 22.2  3 12 -78.0   4.0  1.027   4.2
  39/ 4 38 -36.2  9.4  39/ 5 10 -35.9 23.0  4 53 -72.8   2.3  1.151   2.6
  39/ 6 19 -36.4  9.8  39/ 6 52 -36.2 23.4  6 35 -69.0   1.2  2.494   3.1
  39/ 8  0 -37.5  9.8  39/ 8 34 -36.3 23.3  8 18 -67.6   1.1  3.638   3.9
  40/ 2 25 -35.3  9.5  40/ 2 57 -35.9 22.0  2 40 -79.6  12.2  0.903  11.0
  40/ 5  4  58.2 20.7  40/ 5 30  36.3 10.6  5 14  78.5   3.1  1.491   4.7
  40/ 5 47 -37.0  9.6  40/ 6 19 -37.2 23.4  6  2 -70.0   3.8  1.327   5.1
  40/ 6 43  48.9 21.1  40/ 7 11  35.3 10.8  6 55  75.8   2.1  1.948   4.1
  40/ 7 28 -37.8  9.8  40/ 8  1 -37.6 23.4  7 45 -67.8   5.1  1.770   9.0
  40/ 8 21  37.5 21.5  40/ 8 51  36.5 10.9  8 37  74.5   2.9  2.541   7.3
  41/ 2 44  37.6 21.7  41/ 3 17  36.7 10.2  3  0  82.6   9.3  1.234  11.4
  41/ 3 34 -37.3  9.3  41/ 4  5 -36.8 22.5  3 49 -76.1   8.7  0.921   8.1
  41/ 4 24  35.5 21.5  41/ 4 58  35.9 10.5  4 41  79.6  11.1  1.257  14.0
  41/ 5 15 -37.8  9.5  41/ 5 47 -35.8 23.2  5 30 -71.2  25.3  0.971  24.6
  41/ 6 55 -35.1  9.9  41/ 7 29 -36.2 23.3  7 12 -68.2  20.1  1.127  22.7
  41/22  2 -36.9 10.3  41/22 37 -36.7 22.0 22 17 -81.7  14.6  1.139  16.6
  42/ 1 21 -35.4  9.8  42/ 1 54 -35.5 21.9  1 36 -82.0  30.5  0.878  26.8
  42/ 3  2 -37.6  9.3  42/ 3 33 -36.5 22.3  3 16 -77.9  11.3  0.891  10.0
  42/ 3 52  36.4 21.5  42/ 4 26  35.4 10.3  4  9  80.6   2.3  1.427   3.3
  42/ 4 42 -35.3  9.5  42/ 5 14 -37.0 23.1  4 58 -72.6   7.3  1.016   7.4
  42/ 6 23 -35.5  9.8  42/ 6 56 -37.3 23.4  6 39 -69.0  27.6  1.028  28.4
  43/ 0 49 -35.4  9.9  43/ 1 22 -37.1 21.8  1  4 -82.5   9.5  1.007   9.6
  43/ 2 30 -37.8  9.5  43/ 3  1 -36.8 22.1  2 44 -79.6  10.3  0.918   9.4
  43/ 4 10 -35.9  9.4  43/ 4 42 -35.9 22.8  4 25 -74.2   5.6  1.030   5.8
  43/ 5 56 -51.1  8.9  43/ 6 24 -35.8 23.3  6  7 -70.0  17.0  0.998  17.0
  43/ 7 32 -37.0  9.8  43/ 8  6 -36.0 23.3  7 49 -67.8  11.2  1.261  14.1
  43/22 38 -37.1 10.2  43/23 13 -36.2 21.9 22 53 -82.3   2.0  1.305   2.6
  44/ 1 58 -37.9  9.6  44/ 2 29 -37.7 22.0  2 12 -81.1   6.6  1.002   6.6
  44/ 3 38 -36.3  9.4  44/ 4 10 -35.1 22.5  3 53 -75.9   6.3  0.982   6.2
  44/ 5 19 -36.8  9.6  44/ 5 51 -36.9 23.3  5 34 -71.1   4.3  1.173   5.0
  44/ 7 52  35.0 21.6  44/ 8 23  37.4 10.9  8  9  74.6   2.9  2.485   7.3
  44/22  6 -36.1 10.3  44/22 42 -35.0 22.0 22 21 -81.7   5.5  1.251   6.9
  45/ 1 26 -38.0  9.7  45/ 1 58 -36.2 21.9  1 40 -82.2  17.2  0.923  15.9
  45/ 3  6 -36.6  9.4  45/ 3 37 -37.5 22.4  3 21 -77.7  15.4  0.865  13.3
  45/ 4 47 -37.6  9.4  45/ 5 19 -35.5 23.1  5  2 -72.4  15.3  0.941  14.4
  45/ 6 28 -37.7  9.7  45/ 7  1 -35.8 23.3  6 44 -68.9  19.6  1.031  20.2
  45/ 7 22  41.9 21.4  45/ 7 51  37.3 10.9  7 36  75.1   3.5  2.252   7.9
  46/ 0 54 -37.9  9.9  46/ 1 27 -35.2 21.8  1  8 -83.0   3.8  1.143   4.4
  46/ 2 34 -36.8  9.5  46/ 3  6 -35.0 22.1  2 49 -79.3   2.9  1.101   3.2
  47/ 0 22 -37.6 10.0  47/ 0 55 -37.1 21.8  0 36 -83.2   2.5  1.217   3.0
  47/ 2  2 -37.0  9.6  47/ 2 34 -35.8 22.0  2 17 -80.8  11.8  0.918  10.8
  47/ 2 59  57.3 21.4  47/ 3 26  35.4 10.2  3  9  83.1   7.9  1.250   9.9
  47/ 3 42 -35.3  9.4  47/ 4 14 -36.1 22.6  3 57 -75.7   6.3  0.989   6.2
  47/ 4 33  36.0 21.5  47/ 5  6  37.8 10.6  4 50  79.3   1.8  1.556   2.8
  47/ 5 23 -35.8  9.6  47/ 5 56 -35.5 23.2  5 39 -70.9   7.8  1.071   8.4
  47/ 7  4 -36.4  9.8  47/ 7 38 -35.8 23.3  7 21 -68.1  26.7  1.116  29.8
  47/22 10 -35.3 10.3  47/22 46 -35.8 22.0 22 25 -81.7  19.9  1.076  21.4
  48/ 1 30 -37.0  9.7  48/ 2  2 -37.0 21.9  1 45 -82.0  12.9  0.945  12.2
  48/ 3 10 -35.7  9.4  48/ 3 42 -35.8 22.4  3 25 -77.4  27.6  0.836  23.1
  48/ 4  1  37.1 21.5  48/ 4 34  37.3 10.4  4 18  80.4  13.3  1.208  16.1
  48/ 4 51 -36.6  9.5  48/ 5 23 -36.6 23.1  5  6 -72.3  17.5  0.945  16.5
  48/ 6 32 -36.8  9.8  48/ 7  5 -37.0 23.4  6 48 -68.8  44.1  1.040  45.9
  49/ 0 58 -37.0  9.9  49/ 1 31 -35.9 21.9  1 13 -82.8  11.4  0.972  11.1
  49/ 2 38 -35.9  9.5  49/ 3 10 -36.0 22.2  2 53 -79.0  30.6  0.817  25.0
  49/ 4 19 -37.2  9.4  49/ 4 51 -35.4 22.9  4 34 -73.8   6.1  1.007   6.2
  50/ 0 26 -36.7 10.0  50/ 1  0 -35.3 21.8  0 41 -83.1   2.9  1.198   3.5
  50/ 2  6 -36.0  9.6  50/ 2 38 -36.6 22.0  2 21 -80.6  14.9  0.895  13.3
  50/ 3 47 -37.8  9.4  50/ 4 18 -37.2 22.7  4  2 -75.5   7.3  0.971   7.1
  50/ 5 28 -38.0  9.6  50/ 6  0 -36.6 23.3  5 43 -70.8   3.1  1.302   4.1
  50/ 6 21  40.9 21.4  50/ 6 51  37.8 10.9  6 36  76.1   2.0  1.881   3.7
  51/ 0  0 -57.8 10.1  51/ 0 28 -37.2 21.9  0  9 -86.1   2.3  1.214   2.8
  51/ 1 34 -36.1  9.8  51/ 2  7 -35.0 21.9  1 49 -81.8   5.4  1.062   5.8
  51/ 3 15 -38.1  9.4  51/ 3 46 -36.8 22.4  3 29 -77.3   2.4  1.113   2.7
  51/ 4  5  36.0 21.5  51/ 4 39  35.0 10.4  4 22  80.1   1.6  1.529   2.4
  51/ 4 55 -35.6  9.6  51/ 5 28 -35.2 23.1  5 11 -72.0   3.4  1.153   3.9
  52/ 1  2 -36.1  9.9  52/ 1 35 -36.6 21.9  1 17 -82.5   2.9  1.196   3.4
  52/ 2 43 -38.4  9.5  52/ 3 14 -36.9 22.2  2 57 -79.0  11.9  0.895  10.7
  52/ 3 40  58.1 21.1  52/ 4  6  37.8 10.4  3 50  81.5   3.4  1.313   4.5
  52/ 4 23 -36.3  9.5  52/ 4 55 -36.5 23.0  4 38 -73.6  14.0  0.908  12.7
  52/ 6  4 -36.4  9.7  52/ 6 37 -36.6 23.3  6 20 -69.6  30.7  1.016  31.2
  52/22 51 -38.1 10.2  52/23 26 -35.9 21.9 23  5 -82.7   2.0  1.287   2.5
  53/ 0 30 -35.8 10.0  53/ 1  4 -35.9 21.9  0 45 -82.9  16.5  0.973  16.1
  53/ 2 10 -35.1  9.6  53/ 2 42 -37.5 22.1  2 25 -80.3   5.7  1.019   5.8
  53/ 3 51 -36.8  9.4  53/ 4 23 -35.6 22.7  4  6 -75.3  18.2  0.873  15.9
  53/ 4 42  36.6 21.5  53/ 5 15  36.4 10.6  4 59  78.9  11.8  1.280  15.1
  53/ 5 32 -37.1  9.6  53/ 6  5 -35.2 23.2  5 47 -70.6   5.9  1.137   6.7
  53/ 7 13 -37.7  9.8  53/ 7 47 -35.4 23.2  7 30 -68.0   1.2  3.513   4.2
  54/ 1 38 -35.2  9.8  54/ 2 11 -35.8 22.0  1 53 -81.5  20.5  0.901  18.5
  54/ 3 19 -37.2  9.4  54/ 3 51 -35.1 22.5  3 34 -77.0  22.2  0.839  18.6
  54/ 4 10  37.8 21.5  54/ 4 43  35.9 10.5  4 26  80.0  21.3  1.137  24.2
  54/ 5  0 -37.9  9.5  54/ 5 32 -36.2 23.2  5 15 -71.9  15.7  0.972  15.3
  54/ 6 40 -35.0  9.9  54/ 7 14 -36.6 23.3  6 57 -68.7  15.2  1.121  17.0
  55/ 1  6 -35.2  9.9  55/ 1 39 -37.2 21.9  1 21 -82.4   2.2  1.200   2.6
  55/ 2 47 -37.4  9.5  55/ 3 19 -35.1 22.3  3  2 -78.7   2.4  1.131   2.7
  55/ 6  8 -35.5  9.8  55/ 6 42 -35.2 23.3  6 24 -69.5   7.1  1.194   8.5
  56/ 0 34 -35.0 10.0  56/ 1  8 -36.5 21.9  0 49 -82.7  10.5  1.017  10.7
  56/ 2 15 -37.6  9.6  56/ 2 47 -35.5 22.1  2 29 -80.3  18.9  0.867  16.4
  56/ 3  5  35.6 21.7  56/ 3 39  35.0 10.3  3 22  81.8  14.9  1.156  17.3
  56/ 3 55 -35.8  9.5  56/ 4 27 -36.6 22.8  4 10 -75.1  16.6  0.879  14.6
  56/ 5 36 -36.1  9.7  56/ 6  9 -36.2 23.3  5 52 -70.5  11.3  1.023  11.5
  56/22 23 -36.3 10.3  56/22 59 -35.3 22.0 22 38 -82.0   6.6  1.229   8.1
  57/ 0  3 -38.0 10.1  57/ 0 37 -35.9 21.9  0 17 -83.3   9.5  1.070  10.2
  57/ 1 43 -37.7  9.7  57/ 2 15 -36.5 22.0  1 57 -81.7  22.2  0.887  19.7
  57/ 3 23 -36.2  9.5  57/ 3 55 -36.1 22.6  3 38 -76.8  24.0  0.837  20.1
  57/ 4 14  36.7 21.5  57/ 4 47  36.8 10.5  4 31  79.8  12.7  1.232  15.6
  57/ 5  4 -36.9  9.6  57/ 5 36 -37.3 23.3  5 19 -71.8   8.5  1.041   8.9
  58/ 1 11 -37.7  9.9  58/ 1 44 -35.3 21.9  1 25 -82.6  14.8  0.936  13.9
  58/ 2 51 -36.5  9.5  58/ 3 23 -36.0 22.3  3  6 -78.5  20.2  0.849  17.1
  58/ 3 42  37.4 21.6  58/ 4 15  36.4 10.4  3 58  80.9  48.0  1.014  48.7
  58/ 6 13 -37.6  9.7  58/ 6 46 -36.2 23.3  6 29 -69.4   9.9  1.125  11.2
  59/ 2 19 -36.7  9.6  59/ 2 51 -36.4 22.2  2 34 -80.1  29.0  0.829  24.1
  59/ 3 10  37.6 21.7  59/ 3 43  35.9 10.3  3 26  81.9  18.5  1.122  20.8
  59/ 4  0 -38.2  9.4  59/ 4 32 -35.0 22.8  4 15 -74.9  20.3  0.866  17.6
  60/ 1 47 -36.7  9.8  60/ 2 19 -37.3 22.1  2  2 -81.5  19.3  0.891  17.2
  60/ 3 27 -35.3  9.5  60/ 3 59 -37.0 22.6  3 42 -76.5  13.2  0.875  11.6
  60/ 7 42  36.2 21.5  60/ 8 13  35.1 10.8  7 58  74.5  11.9  1.835  21.9
  61/ 1 15 -36.7  9.9  61/ 1 48 -36.0 22.0  1 30 -82.5   9.2  0.974   8.9
  61/ 2 13  58.8 21.8  61/ 2 38  38.0 10.4  2 22  84.9   3.2  1.311   4.2
  61/ 2 55 -35.5  9.6  61/ 3 27 -36.9 22.4  3 10 -78.2   4.8  1.002   4.8
  62/ 0 43 -36.6 10.0  62/ 1 17 -35.2 21.9  0 58 -82.9   2.9  1.177   3.4
  62/ 2 23 -35.7  9.7  62/ 2 55 -37.2 22.2  2 38 -79.9   3.0  1.115   3.4
  62/ 5 45 -37.4  9.7  62/ 6 18 -35.8 23.3  6  1 -70.2   1.7  1.714   3.0
  63/ 7 51  49.2 20.9  63/ 8 17  36.0 10.8  8  2  75.0   9.0  1.997  17.9
  63/22  0 -37.1 10.3  63/22 36 -35.3 22.1 22 15 -81.8   6.5  1.250   8.2
  64/ 1 19 -35.8  9.9  64/ 1 52 -36.7 22.0  1 34 -82.2   5.8  1.054   6.1
  64/ 3  0 -38.0  9.6  64/ 3 32 -35.0 22.4  3 15 -78.1   5.2  0.986   5.1
  64/ 3 50  35.3 21.7  64/ 4 23  38.2 10.5  4  7  80.6   3.6  1.331   4.8
  64/ 4 40 -35.7  9.6  64/ 5 13 -35.5 23.1  4 56 -72.8   3.5  1.084   3.8
  65/ 2 28 -38.2  9.7  65/ 3  0 -35.3 22.3  2 42 -79.8  10.7  0.916   9.8
  65/ 5  7  61.4 20.6  65/ 5 32  36.8 10.7  5 16  78.0  18.1  1.212  22.0
  65/ 6 46  49.9 21.0  65/ 7 13  35.7 10.8  6 58  75.8  15.6  1.485  23.2
  65/22 36 -37.3 10.3  65/23 11 -37.3 22.0 22 51 -82.3   2.0  1.309   2.6
  66/ 0 15 -35.4 10.1  66/ 0 50 -35.1 21.9  0 30 -82.8   1.6  1.218   2.0
  66/ 1 56 -38.3  9.8  66/ 2 28 -36.1 22.2  2 10 -81.3   1.8  1.184   2.2
  66/ 3 36 -36.7  9.6  66/ 4  8 -36.2 22.7  3 51 -76.1   2.5  1.094   2.7
  66/ 4 27  36.2 21.6  66/ 5  0  36.3 10.6  4 44  79.4   0.9  1.574   1.4
  67/ 3  4 -37.0  9.6  67/ 3 36 -35.9 22.5  3 19 -77.9  19.7  0.853  16.8
  67/ 4 45 -37.9  9.6  67/ 5 17 -36.5 23.2  5  0 -72.7  10.8  0.974  10.6
  68/ 1 49  56.0 22.1  68/ 2 15  36.1 10.5  1 59  85.7   2.0  1.348   2.7
  68/ 2 32 -37.2  9.7  68/ 3  4 -36.2 22.4  2 47 -79.5   4.1  1.050   4.3
  68/ 4 12 -35.3  9.6  68/ 4 45 -35.3 23.0  4 28 -74.2   2.4  1.114   2.6
  69/ 0 20 -37.8 10.1  69/ 0 54 -35.7 22.0  0 35 -83.3   2.4  1.221   3.0
  69/ 2  0 -37.3  9.8  69/ 2 32 -36.9 22.2  2 15 -81.0   1.8  1.179   2.1
  70/ 1 28 -37.3  9.9  70/ 2  1 -35.4 22.1  1 43 -82.1   6.4  1.031   6.6
  70/ 3  8 -36.0  9.7  70/ 3 40 -36.8 22.6  3 23 -77.6   3.9  1.029   4.0
  71/ 0 56 -37.2 10.0  71/ 1 29 -36.9 22.0  1 11 -82.9   7.0  1.040   7.3
  71/ 2 36 -36.2  9.7  71/ 3  8 -37.0 22.4  2 51 -79.3   8.7  0.931   8.1
  71/ 4 17 -37.6  9.6  71/ 4 49 -36.3 23.1  4 32 -74.0  15.1  0.901  13.6
  72/ 3 45 -38.0  9.6  72/ 4 17 -35.4 22.8  3 60 -75.7  16.1  0.876  14.1
  72/ 5 25 -35.2  9.8  72/ 5 58 -37.3 23.4  5 41 -71.0  17.6  0.983  17.3
  73/ 3 12 -35.0  9.7  73/ 3 45 -35.0 22.6  3 28 -77.3   9.3  0.904   8.4
  74/ 1 58  57.9 22.1  74/ 2 23  37.9 10.6  2  7  85.4  33.0  1.051  34.7
  74/ 2 40 -35.2  9.8  74/ 3 13 -35.0 22.5  2 56 -79.0  22.6  0.833  18.8
  75/ 4 40  36.0 21.7  75/ 5 13  35.9 10.7  4 57  79.0   3.6  1.390   5.0
  77/ 2 45 -37.6  9.8  77/ 3 17 -35.8 22.5  2 60 -78.9  17.6  0.858  15.1
  79/ 6 43 -37.2  9.8  79/ 7 17 -35.5 23.3  6 60 -68.7   4.7  1.663   7.8
  80/ 1  9 -37.7 10.1  80/ 1 42 -36.0 22.2  1 24 -82.6   1.5  1.195   1.8
  80/ 2 49 -36.6  9.8  80/ 3 21 -36.6 22.6  3  4 -78.6   1.5  1.202   1.8
  81/ 4 49  37.0 21.7  81/ 5 21  37.8 10.8  5  5  78.7   9.5  1.332  12.7
  82/ 0 58  38.2 22.5  82/ 1 28  35.7 10.6  1 12  86.0   2.0  1.295   2.6
  83/ 3 44  36.2 21.9  83/ 4 17  36.9 10.7  4  1  80.8   1.5  1.478   2.2
  84/ 0  0  58.7 22.5  84/ 0 24  35.4 10.6  0  8  90.0  14.7  1.058  15.5
  84/ 1 33  36.3 22.5  84/ 2  4  37.1 10.7  1 48  85.0  32.3  1.067  34.4
  86/ 3 48  35.3 21.9  86/ 4 21  37.9 10.8  4  5  80.6   3.5  1.332   4.7
  87/ 3 16  35.7 22.1  87/ 3 49  37.4 10.7  3 33  81.7  18.0  1.127  20.3
  88/23  0  55.5 22.4  88/23 24  36.9 10.5 23  9  89.0  37.0  0.977  36.2
  89/ 3 53  37.4 21.9  89/ 4 26  35.8 10.8  4  9  80.6  12.4  1.212  15.0
  90/ 5  2  37.1 21.8  90/ 5 34  37.6 10.9  5 18  78.3   5.0  1.447   7.2
  90/11 49  37.8 21.6  90/12 17  37.2 11.2 12  3  76.2   4.4  2.042   9.0
  91/20 27 -36.1 10.5  91/21  2 -37.3 22.3 20 43 -80.5   2.0  1.421   2.9
  92/21 35 -37.3 10.5  92/22 10 -37.4 22.2 21 50 -81.2  14.0  1.173  16.4
  94/ 4 34  37.6 21.9  94/ 5  7  35.0 10.8  4 50  79.2   6.3  1.325   8.3
  95/ 0 43  37.1 22.7  95/ 1 13  36.2 10.8  0 57  86.3  28.9  1.035  29.9
  95/10 48  35.4 21.6  95/11 17  35.3 11.1 11  3  75.3  11.0  1.852  20.3
  95/14 10  38.1 21.8  95/14 42  36.7 11.0 14 25  78.5   3.6  1.397   5.0
  95/21 39 -36.5 10.5  95/22 15 -35.2 22.3 21 55 -81.1   9.2  1.237  11.4
  96/ 1 55  55.4 22.4  96/ 2 21  37.9 10.9  2  5  85.5  15.1  1.124  17.0
  99/ 5 15  37.4 21.8  99/ 5 47  37.4 10.9  5 31  77.9  14.6  1.287  18.8
  99/10 20  35.8 21.5  99/10 49  35.6 11.0 10 35  75.0   2.8  2.289   6.5
 100/11 29  36.1 21.6 100/11 58  35.6 11.2 11 44  75.9   2.0  2.065   4.1
 100/19 52  37.9 22.1 100/20 16  57.2 10.2 20  7  88.4   4.9  1.188   5.8
 100/21 32  35.2 22.2 100/22  2  35.5 10.4 21 46  84.8   4.8  1.147   5.5
 100/22 19 -35.7 10.5 100/22 55 -35.3 22.3 22 35 -81.5  16.6  1.102  18.3
 101/ 7 33  35.3 21.6 101/ 8  4  37.4 10.9  7 49  74.7  11.5  1.812  20.8
 103/16 35  37.6 22.0 103/17  8  36.2 10.4 16 51  84.4   9.9  1.288  12.8
 104/ 9 20  37.6 21.4 104/ 9 49  36.1 10.9  9 35  74.6   9.7  2.056  19.9
 104/11  1  36.1 21.6 104/11 30  35.4 11.1 11 16  75.6  12.5  1.792  22.4
 104/21  5  38.6 22.1 104/21 34  37.2 10.3 21 19  85.1   3.4  1.174   4.0
 105/10 29  37.1 21.5 105/10 57  38.2 11.1 10 44  75.2   2.0  2.139   4.4
 105/12 10  37.2 21.7 105/12 39  36.9 11.2 12 25  76.5   2.2  2.075   4.5
 105/17 11  36.7 22.0 105/17 31  78.4 11.7 17 28  85.3   1.3  1.466   1.9
 105/22 13  37.4 22.3 105/22 42  36.2 10.5 22 26  85.8   1.5  1.193   1.8
 106/13 18  36.1 21.8 106/13 41  62.4 12.2 13 34  77.9  15.8  1.464  23.2
 107/19 28  36.8 22.1 107/19 50  67.2 10.3 19 44  90.0   7.9  1.160   9.2
 107/21 14  57.0 22.2 107/21 39  35.1 10.4 21 23  88.8  31.6  0.981  31.0
 109/10  1  37.4 21.5 109/10 30  35.0 11.0 10 16  74.9  31.0  1.508  46.7
 109/21 45  36.4 22.3 109/22 15  35.0 10.5 21 59  85.2  13.5  1.034  14.0
 110/ 7 49  44.3 21.2 110/ 8 17  37.1 10.9  8  2  74.9   3.1  2.441   7.7
 110/ 9 28  36.0 21.5 110/ 9 57  38.4 11.0  9 44  74.6   1.7  2.465   4.3
 110/11 10  37.5 21.6 110/11 38  38.1 11.2 11 24  75.8   1.2  2.023   2.4
 110/12 50  35.5 21.8 110/13 21  35.9 11.2 13  5  76.9   1.3  1.782   2.2
 110/16 11  36.3 22.0 110/16 45  35.6 10.5 16 28  83.4   2.0  1.443   2.9
 110/17 51  35.0 22.1 110/18 24  36.9 10.4 18  8  85.8   5.5  1.254   6.8
 110/19 32  36.0 22.2 110/19 53  71.7 10.4 19 48  90.0   6.1  1.181   7.2
 110/22 53  36.1 22.5 110/23 22  37.2 10.7 23  7  86.6   7.6  1.129   8.6
 112/13 27  37.8 21.8 112/13 58  37.4 11.2 13 42  77.6   3.6  1.624   5.8
 113/ 6 15  55.7 20.9 113/ 6 41  36.6 10.9  6 25  76.6   2.6  1.697   4.4
 113/17 56  37.5 22.1 113/18 17  74.6 11.0 18 12  87.0   3.1  1.277   4.0
 114/ 7 22  48.0 21.1 114/ 7 49  38.0 10.9  7 34  75.3   3.2  2.215   7.1
 114/ 9  0  36.7 21.5 114/ 9 30  35.7 10.9  9 16  74.4   4.2  2.445  10.2
 114/10 42  37.6 21.5 114/11 10  38.2 11.1 10 57  75.4   2.5  2.100   5.2
 114/20 45  36.3 22.2 114/21 15  37.4 10.4 20 60  84.9   8.0  1.131   9.0
 115/ 6 51  52.8 20.9 115/ 7 17  37.8 10.9  7  2  75.9   3.0  1.931   5.8
 115/ 8 27  35.4 21.5 115/ 8 58  35.7 10.8  8 43  74.3   2.0  2.573   5.1
 115/10  9  35.9 21.5 115/10 38  37.4 11.0 10 24  75.0   2.0  2.463   5.0
 115/11 50  35.4 21.7 115/12 20  35.2 11.2 12  5  76.2   3.0  2.078   6.2
 115/13 31  37.1 21.8 115/14  3  35.7 11.1 13 46  77.6   2.4  1.662   4.0
 115/16 52  37.9 22.1 115/17 25  36.4 10.5 17  8  84.9   2.4  1.398   3.3
 115/18 32  36.3 22.2 115/19  4  37.5 10.5 18 48  85.7   6.0  1.224   7.3
 115/20 13  37.0 22.2 115/20 38  54.5 10.3 20 28  87.9  11.7  1.093  12.8
 116/20 30 -38.0 10.7 116/21  4 -36.7 22.5 20 45 -80.6  15.8  1.175  18.6
 116/22  9 -37.0 10.6 116/22 44 -36.0 22.4 22 24 -81.4  12.0  1.173  14.0
 117/ 7 23  38.4 21.5 117/ 7 54  35.8 10.8  7 38  74.9   1.4  2.302   3.3
 117/21 37 -36.0 10.6 117/22 12 -36.8 22.4 21 52 -80.8   6.2  1.275   7.8
 119/ 6 23  53.9 20.9 119/ 6 50  35.4 10.8  6 34  76.4   1.4  1.885   2.6
 119/ 9 41  36.4 21.5 119/10 10  38.1 11.0  9 56  74.8   1.8  2.484   4.6
 119/21 26  37.8 22.3 119/21 56  35.1 10.5 21 40  85.1   6.8  1.136   7.7
 119/22 13 -36.2 10.6 119/22 48 -36.4 22.4 22 28 -81.3   4.0  1.249   5.0
 120/ 7 27  37.5 21.5 120/ 7 58  36.7 10.8  7 43  74.9   5.9  2.107  12.5
 120/ 9  8  35.1 21.5 120/ 9 38  37.8 10.9  9 24  74.5   6.3  2.278  14.3
 120/10 50  36.1 21.5 120/11 19  36.9 11.1 11  5  75.5   3.2  2.094   6.6
 120/12 31  36.6 21.7 120/13  1  37.0 11.2 12 46  76.8   2.8  1.848   5.2
 120/15 52  37.5 22.0 120/16 26  35.5 10.6 16  8  82.6   2.2  1.470   3.3
 120/19 13  37.4 22.2 120/19 45  35.0 10.5 19 29  85.0   3.9  1.209   4.7
 120/21 41 -35.2 10.7 120/22 16 -37.2 22.4 21 57 -80.7  14.6  1.160  17.0
 120/22 34  37.0 22.5 120/23  3  37.2 10.7 22 48  86.4  15.3  1.022  15.7
 121/13 39  35.6 21.9 121/14 12  35.3 11.1 13 55  77.7  12.6  1.469  18.5
 121/18 41  37.9 22.2 121/19  1  76.4 10.8 18 57  88.4   5.6  1.217   6.8
 122/ 4 43  46.8 21.7 122/ 5 13  37.2 10.9  4 56  79.2  27.7  1.104  30.6
 123/ 0 54  56.8 22.9 123/ 1 20  35.3 11.1  1  3  87.9  22.9  1.035  23.7
 123/ 2 34  59.3 22.4 123/ 3  0  37.6 11.1  2 43  84.2   8.6  1.239  10.7
 123/14 16  37.9 21.9 123/14 35  75.2 13.7 14 32  79.3   6.9  1.464  10.1
 124/ 5 23  56.5 21.1 124/ 5 50  35.5 10.9  5 33  78.0   8.4  1.407  11.8
 124/ 6 58  35.4 21.6 124/ 7 30  37.5 10.8  7 15  75.3  10.9  1.644  18.0
 124/17  4  35.5 22.1 124/17 27  71.7 11.3 17 21  85.1  24.4  1.099  26.8
 124/20 26  37.8 22.2 124/20 47  67.6 10.4 20 41  90.0   9.6  1.108  10.6
 125/ 6 26  36.9 21.6 125/ 6 58  37.3 10.9  6 42  75.9   5.1  1.776   9.1
 125/ 8 10  42.7 21.2 125/ 8 39  35.3 10.8  8 24  74.7   6.1  2.222  13.7
 125/ 9 50  37.5 21.4 125/10 19  36.6 10.9 10  5  74.9   3.7  2.462   9.0
 125/13 11  35.0 21.8 125/13 43  36.3 11.2 13 27  77.3   5.3  1.676   8.8
 125/16 32  35.7 22.1 125/17  6  36.4 10.5 16 49  84.4   3.7  1.338   4.9
 125/18 13  37.5 22.2 125/18 34  74.7 10.9 18 29  87.7   1.7  1.351   2.4
 125/19 53  35.0 22.3 125/20 14  72.5 10.4 20  9  90.0   3.7  1.200   4.4
 125/21 34  35.9 22.4 125/22  4  36.5 10.5 21 48  85.1  21.2  0.988  20.9
 126/ 2 31  35.8 22.8 126/ 3  5  35.4 11.1  2 48  83.1   3.3  1.326   4.4
 126/21  8  58.7 22.3 126/21 32  37.4 10.5 21 16  89.3   3.2  1.187   3.8
 126/21 50 -37.0 10.7 126/22 25 -35.5 22.5 22  5 -81.2   3.3  1.297   4.3
 127/ 2  6  57.9 22.7 127/ 2 32  38.0 11.2  2 16  85.2  13.0  1.162  15.1
 127/21 18 -36.1 10.7 127/21 53 -36.1 22.5 21 33 -80.6   1.3  1.394   1.8
 128/21 39  38.9 22.4 128/22  8  37.2 10.6 21 52  85.6   2.3  1.186   2.7
 128/22 26 -37.3 10.7 128/23  1 -35.0 22.5 22 41 -81.7   2.4  1.297   3.2
 129/ 1  1  51.6 23.0 129/ 1 28  37.0 11.2  1 12  87.1  10.0  1.151  11.5
 129/ 4 22  55.6 21.6 129/ 4 50  35.5 10.9  4 33  80.0  14.2  1.205  17.1
 129/ 6  3  52.7 21.1 129/ 6 30  37.8 10.9  6 14  76.9   8.7  1.475  12.8
 129/19 26  38.1 22.3 129/19 57  37.1 10.5 19 41  85.3   2.1  1.249   2.7
 129/21  6  35.3 22.3 129/21 37  35.1 10.5 21 21  84.6   1.9  1.199   2.3
 129/21 54 -36.3 10.7 129/22 29 -36.0 22.5 22  9 -81.1   1.5  1.379   2.1
 130/ 7  7  36.5 21.6 130/ 7 39  36.1 10.8  7 23  75.1   5.7  1.916  10.9
 130/ 8 49  36.8 21.4 130/ 9 19  37.2 10.9  9  5  74.5   4.7  2.384  11.2
 130/10 31  37.5 21.5 130/11  0  35.7 11.0 10 46  75.3   3.9  2.144   8.3
 130/12 12  37.7 21.6 130/12 41  38.2 11.2 12 27  76.6   7.2  1.857  13.4
 130/17 13  37.2 22.1 130/17 46  37.0 10.5 17 30  85.7   2.7  1.364   3.6
 130/21 22 -35.4 10.7 130/21 57 -36.7 22.5 21 37 -80.6   4.1  1.285   5.3
 130/22 15  38.0 22.5 130/22 44  37.1 10.7 22 29  86.0   2.5  1.197   3.0
 131/ 3 16  50.9 22.3 131/ 3 45  37.7 11.1  3 28  82.4   6.6  1.270   8.4
 132/ 1  7  58.3 22.9 132/ 1 32  37.9 11.2  1 16  87.4   2.1  1.286   2.7
 132/ 4 27  57.8 21.5 132/ 4 54  36.4 11.0  4 37  79.8   1.6  1.538   2.5
 132/20 19 -36.7 10.8 132/20 53 -37.0 22.6 20 34 -80.4   1.8  1.415   2.5
 132/21 58 -35.6 10.7 132/22 33 -36.5 22.5 22 13 -81.1   1.0  1.392   1.4
 133/13 56  35.7 21.9 133/14 16  74.0 13.5 14 12  78.9   1.0  1.646   1.6
 134/ 0  4  59.3 22.9 134/ 0 28  37.4 11.1  0 12  90.0   1.2  1.292   1.5
 134/ 3 23  59.4 22.1 134/ 3 50  35.5 11.1  3 33  82.3   1.6  1.422   2.3
 134/ 8 21  37.4 21.4 134/ 8 51  38.0 10.8  8 37  74.6   1.3  2.418   3.2
 134/20  6  35.7 22.3 134/20 30  60.7 10.4 20 22  89.6   4.9  1.166   5.7
 135/ 2 50  56.2 22.4 135/ 3 18  35.0 11.1  3  0  83.6  29.6  1.096  32.4
 135/ 6  6  35.8 21.7 135/ 6 39  36.4 10.8  6 23  76.4  23.1  1.263  29.2
 135/ 7 48  36.1 21.5 135/ 8 19  37.9 10.8  8  5  74.7  33.3  1.389  46.3
 135/ 9 30  36.4 21.4 135/10  0  35.6 10.9  9 46  74.6  11.1  1.996  22.1
 135/11 12  37.8 21.5 135/11 41  35.3 11.1 11 27  75.8  57.2  1.201  68.6
 135/14 33  37.9 21.9 135/15  6  37.2 10.9 14 49  79.4  58.6  1.058  62.0
 135/17 53  35.4 22.3 135/18 26  37.4 10.6 18 10  86.2  28.3  1.061  30.0
 135/19 34  36.4 22.3 135/20  6  35.3 10.6 19 50  84.7  15.8  1.070  16.9
 135/20 23 -36.1 10.8 135/20 57 -37.6 22.6 20 38 -80.4   8.3  1.267  10.6
 136/ 0 34  36.7 23.1 136/ 1  5  35.3 11.2  0 48  86.6  12.2  1.119  13.6
 136/ 3 58  54.9 21.9 136/ 4 26  36.8 11.0  4  9  80.9   9.0  1.255  11.3
 136/ 5 41  58.5 20.9 136/ 6  7  35.9 10.8  5 50  77.5   3.3  1.604   5.4
 136/21 31 -37.4 10.8 136/22  6 -35.1 22.5 21 46 -81.1   5.3  1.283   6.8
 137/ 5  1  36.0 22.0 137/ 5 35  35.5 10.9  5 18  78.4  10.4  1.312  13.6
 137/20 59 -36.4 10.8 137/21 34 -35.5 22.6 21 14 -80.6  10.0  1.243  12.5
 138/ 1 15  56.7 22.9 138/ 1 41  36.5 11.2  1 25  87.0   6.3  1.209   7.6
 138/19 38  35.4 22.3 138/20 10  35.9 10.6 19 54  84.7   4.6  1.208   5.6
 138/20 27 -35.5 10.8 138/21  2 -35.5 22.6 20 43 -80.3   4.5  1.303   5.9
 138/22  7 -37.7 10.8 138/22 41 -37.5 22.5 22 21 -81.6  20.5  1.071  21.9
 139/14  5  37.2 21.9 139/14 24  75.5 13.8 14 21  79.0   2.3  1.523   3.6
 139/20 47  36.6 22.3 139/21 11  57.5 10.5 21  2  88.6   2.9  1.186   3.4
 140/ 0  7  37.8 23.0 140/ 0 37  35.9 11.1  0 21  87.1   2.1  1.244   2.7
 140/ 1 45  36.7 23.0 140/ 2 17  37.8 11.3  2  1  84.7   3.0  1.306   3.9
 140/ 6 47  35.4 21.6 140/ 7 20  35.2 10.8  7  4  75.4  30.6  1.289  39.4
 140/ 8 32  43.9 21.1 140/ 9  0  36.3 10.8  8 45  74.7   3.0  2.536   7.7
 140/18 34  36.5 22.3 140/18 55  75.5 10.9 18 51  88.6   9.5  1.185  11.2
 140/22 43 -38.1 10.8 140/23 17 -36.7 22.5 22 57 -82.2   2.6  1.263   3.3
 141/ 1 14  37.9 23.1 141/ 1 45  37.3 11.3  1 29  85.7   2.4  1.291   3.1
 141/ 6 22  57.4 20.7 141/ 6 47  38.0 10.8  6 32  76.5   2.7  1.752   4.7
 141/ 9 39  37.4 21.4 141/10  8  37.5 10.9  9 54  74.8   3.9  2.455   9.5
 141/13  1  37.3 21.7 141/13 32  35.9 11.2 13 16  77.2   4.8  1.716   8.3
 141/20 32 -38.2 10.8 141/21  6 -36.2 22.6 20 47 -80.8   6.7  1.282   8.6
 141/23  8  55.1 22.8 141/23 33  36.1 10.9 23 17  88.9   5.8  1.158   6.7
 142/ 0 42  35.4 23.1 142/ 1 13  36.9 11.2  0 57  86.4   2.5  1.258   3.1
 142/12 29  37.5 21.6 142/12 59  36.0 11.2 12 44  76.8   1.5  1.882   2.9
 142/20 57  57.4 22.3 142/21 22  35.4 10.6 21  6  88.5   2.2  1.220   2.7
 142/21 39 -36.2 10.8 142/22 14 -36.2 22.5 21 54 -81.0  16.3  1.137  18.5
 143/ 0 16  56.7 23.0 143/ 0 41  36.6 11.1  0 25  88.8   2.5  1.229   3.0
 143/ 5 11  40.1 21.8 143/ 5 43  37.1 10.9  5 27  78.2   2.0  1.665   3.2
 143/21  7 -35.3 10.8 143/21 42 -36.7 22.6 21 22 -80.6   1.8  1.415   2.5
 144/ 1 23  55.2 23.0 144/ 1 50  35.0 11.2  1 33  86.7  12.1  1.140  13.8
 144/ 8  1  36.2 21.4 144/ 8 32  37.0 10.8  8 18  74.6   2.3  2.527   5.9
 144/20 36 -37.7 10.8 144/21 10 -36.9 22.6 20 51 -80.7  10.6  1.242  13.2
 144/21 28  37.9 22.4 144/21 51  57.9 10.6 21 42  88.8  17.5  1.006  17.6
 144/22 15 -36.5 10.8 144/22 50 -35.9 22.5 22 30 -81.6   9.4  1.202  11.3
 145/ 0 52  57.4 23.0 145/ 1 17  37.6 11.3  1  1  87.7  13.0  1.109  14.4
 145/ 7 29  37.7 21.4 145/ 8  0  36.9 10.8  7 45  74.9   4.9  2.212  10.8
 145/ 9 10  35.2 21.4 145/ 9 40  38.1 10.8  9 26  74.6   6.2  2.279  14.2
 145/10 52  36.1 21.5 145/11 21  37.2 11.0 11  7  75.5   4.2  2.074   8.8
 145/16 45 -35.3 10.5 145/17 17 -37.7 22.5 17  2 -84.3   4.7  1.129   5.3
 145/21 43 -35.6 10.8 145/22 18 -36.7 22.5 21 58 -81.0   3.6  1.297   4.6
 146/ 0 15  36.3 23.0 146/ 0 45  37.3 11.2  0 29  86.9   3.0  1.214   3.6
 146/ 3 33  37.6 22.5 146/ 4  7  35.5 11.0  3 50  81.3   2.4  1.377   3.3
 146/ 5 19  51.3 21.4 146/ 5 47  37.8 10.9  5 31  78.1   1.9  1.677   3.2
 146/ 8 38  36.6 21.4 146/ 9  8  37.9 10.8  8 54  74.5   1.8  2.518   4.4
 146/10 20  37.1 21.4 146/10 49  36.0 10.9 10 35  75.2   1.5  2.177   3.2
 146/13 41  35.7 21.8 146/14  2  70.9 13.0 13 57  78.6  19.9  1.347  26.9
 146/17 53 -36.7 10.8 146/18 26 -35.2 22.7 18  9 -82.4  11.2  1.154  12.9
 146/22  9  56.4 22.6 146/22 33  37.9 10.7 22 18  88.4  26.0  0.983  25.6
 147/ 3  5  49.9 22.5 147/ 3 35  35.0 11.1  3 18  82.8  18.4  1.107  20.3
 147/ 4 48  55.8 21.4 147/ 5 15  37.3 10.9  4 59  79.1  29.4  1.099  32.3
 147/ 6 28  49.6 21.1 147/ 6 56  36.4 10.8  6 40  76.2  20.7  1.343  27.8
 147/ 9 47  35.7 21.4 147/10 17  35.5 10.8 10  3  74.8   5.6  2.308  12.8
 147/15 42 -36.7 10.2 147/16 13 -37.6 22.5 15 58 -85.0  14.6  0.944  13.8
 147/17 21 -35.8 10.7 147/17 54 -35.2 22.6 17 37 -83.1  25.8  1.020  26.3
 147/20 40 -37.1 10.8 147/21 14 -37.5 22.6 20 55 -80.7  16.7  1.162  19.5
 148/ 9 15  37.0 21.3 148/ 9 45  35.2 10.8  9 31  74.6   5.4  2.331  12.5
 148/18 29 -37.2 10.8 148/19  2 -36.0 22.7 18 45 -81.7   1.8  1.367   2.5
 148/20  8 -36.3 10.9 148/20 42 -37.5 22.7 20 23 -80.5   1.6  1.437   2.3
 148/21  0  37.2 22.4 148/21 24  56.1 10.5 21 15  88.3   2.6  1.202   3.1
 148/21 47 -35.1 10.8 148/22 22 -37.2 22.5 22  2 -81.0   1.8  1.376   2.4
 149/17  6  35.6 22.2 149/17 29  72.0 11.3 17 23  85.3   2.9  1.362   4.0
 149/20 28  37.7 22.4 149/20 52  57.2 10.5 20 43  88.4   4.9  1.161   5.6
 149/21 16 -37.6 10.8 149/21 51 -35.2 22.6 21 31 -81.1   2.6  1.373   3.5
 149/22  8  35.8 22.5 149/22 34  48.1 10.7 22 22  87.4   8.0  1.126   9.1
 150/ 1 30  50.2 23.0 150/ 1 58  36.4 11.3  1 42  86.1   6.5  1.223   7.9
 150/ 6 28  37.0 21.6 150/ 7  0  37.1 10.8  6 45  75.9   3.9  1.832   7.2
 150/ 8 10  37.2 21.4 150/ 8 41  35.0 10.7  8 26  74.5   2.0  2.562   5.1
 150/15 46 -36.3 10.2 150/16 18 -35.2 22.5 16  2 -84.7  14.6  0.951  13.9
 150/18 15  37.4 22.3 150/18 47  37.0 10.6 18 31  86.2   5.2  1.234   6.4
 150/19  5 -37.7 10.9 150/19 38 -36.9 22.7 19 20 -81.2   3.2  1.347   4.3
 150/19 55  35.0 22.4 150/20 21  54.8 10.5 20 11  88.3   9.1  1.131  10.3
 150/20 44 -36.6 10.8 150/21 19 -35.5 22.6 20 59 -80.7   8.2  1.263  10.4
 150/21 36  35.8 22.4 150/22  1  52.3 10.6 21 51  87.8  13.5  1.030  13.9
 150/22 23 -35.4 10.8 150/22 58 -36.8 22.5 22 38 -81.6  30.6  1.058  32.4
 151/ 0  3 -37.1 10.8 151/ 0 36 -37.3 22.6  0 17 -82.9  13.2  1.013  13.3
 151/ 0 55  37.3 23.1 151/ 1 26  35.9 11.3  1 10  86.0  14.5  1.094  15.9
 151/ 2 37  48.7 22.7 151/ 3  7  35.2 11.2  2 50  83.7   5.4  1.285   6.9
 151/ 9 19  36.1 21.4 151/ 9 49  36.0 10.8  9 35  74.6   3.7  2.473   9.3
 151/19 23  35.6 22.4 151/19 43  77.4 10.7 19 39  90.0   6.1  1.182   7.3
 151/21 10  58.3 22.4 151/21 34  36.9 10.6 21 19  88.5  29.7  0.985  29.2
 151/21 52 -38.0 10.8 151/22 27 -35.2 22.6 22  6 -81.6   9.5  1.219  11.6
 152/ 2  5  47.6 22.9 152/ 2 34  37.7 11.3  2 18  84.8  10.8  1.202  13.0
 152/ 3 47  54.1 22.0 152/ 4 15  37.0 11.1  3 58  81.3   7.4  1.274   9.4
 152/ 5 23  37.2 21.8 152/ 5 56  36.1 10.8  5 40  77.7  11.5  1.362  15.7
 152/ 7  7  43.0 21.2 152/ 7 36  38.1 10.8  7 21  75.4   4.1  1.974   8.0
 152/ 8 49  42.9 21.1 152/ 9 17  35.8 10.7  9  3  74.7   5.4  2.313  12.5
 152/13  1 -37.2  9.2 152/13 33 -35.2 22.5 13 18 -77.1  14.0  0.816  11.5
 152/18  1 -35.8 10.8 152/18 34 -36.7 22.7 18 17 -82.3   8.7  1.198  10.4
 152/19 41 -38.1 10.9 152/20 15 -35.2 22.7 19 56 -80.9  25.2  1.086  27.4
 152/22 17  54.5 22.6 152/22 42  35.9 10.7 22 26  88.2  13.4  1.034  13.8
 153/ 1 37  60.0 22.9 153/ 2  2  37.1 11.3  1 46  86.3   2.6  1.297   3.4
 153/ 6 37  50.5 21.0 153/ 7  4  37.8 10.8  6 49  76.1   5.4  1.791   9.6
 153/ 8 17  44.7 21.0 153/ 8 45  35.7 10.7  8 30  74.8   2.2  2.544   5.6
 153/ 9 56  36.6 21.3 153/10 25  37.2 10.9 10 12  74.9   3.3  2.493   8.3
 153/14 10 -36.5  9.6 153/14 41 -37.3 22.5 14 26 -81.4   7.5  0.924   6.9
 153/19  9 -37.2 10.9 153/19 42 -37.7 22.7 19 25 -81.1   3.7  1.316   4.9
 153/20 48 -36.1 10.8 153/21 23 -36.2 22.6 21  3 -80.7   6.2  1.279   7.9
 154/ 0  7 -36.6 10.8 154/ 0 41 -35.2 22.6  0 22 -82.8  39.2  0.971  38.1
 154/ 6  0  37.6 21.6 154/ 6 32  37.3 10.8  6 16  76.7  37.4  1.144  42.8
 154/14 26  36.2 21.9 154/14 45  76.9 14.0 14 42  79.6   5.0  1.434   7.2
 154/16 58 -37.0 10.6 154/17 30 -36.9 22.6 17 14 -84.2  15.9  1.025  16.3
 154/19 28  37.9 22.3 154/19 48  74.6 10.6 19 44  90.0   2.6  1.225   3.1
 154/21 56 -37.5 10.8 154/22 31 -35.7 22.6 22 11 -81.6   7.7  1.236   9.5
 155/10 33  37.3 21.4 155/11  1  38.9 11.0 10 48  75.3   4.9  2.083  10.1
 155/18 55  35.3 22.4 155/19 16  75.6 10.8 19 12  90.0  17.7  1.061  18.8
 155/19 45 -37.7 10.9 155/20 19 -35.9 22.7 20  0 -80.9  13.5  1.200  16.3
 155/20 36  35.7 22.4 155/21  7  35.2 10.6 20 51  84.4   8.9  1.117   9.9
 155/21 24 -36.6 10.8 155/21 59 -36.5 22.6 21 39 -81.1  17.8  1.123  20.0
 155/22 17  37.8 22.6 155/22 43  46.0 10.8 22 31  87.1  11.0  1.064  11.8
 156/ 0  0  52.1 23.0 156/ 0 26  36.0 11.1  0 10  88.1   6.4  1.170   7.5
 156/ 1 34  35.1 23.1 156/ 2  6  37.8 11.3  1 50  84.8   7.6  1.215   9.2
 156/ 4 59  49.9 21.5 156/ 5 28  36.2 10.9  5 12  78.7   5.7  1.407   8.0
 156/ 6 36  35.2 21.6 156/ 7  9  35.2 10.7  6 53  75.6  12.0  1.550  18.6
 156/10  0  35.7 21.4 156/10 29  38.0 10.9 10 16  75.0   9.5  2.055  19.6
 156/17 34 -37.5 10.7 156/18  6 -37.5 22.6 17 50 -83.3   3.5  1.216   4.3
 156/18 23  35.7 22.3 156/18 44  76.4 11.0 18 40  88.1   3.2  1.252   4.0
 156/20 52 -35.7 10.8 156/21 27 -36.8 22.6 21  7 -80.7   2.4  1.396   3.4
 157/ 1  9  58.0 23.0 157/ 1 34  37.2 11.3  1 18  87.3  16.1  1.080  17.3
 157/ 4 22  36.3 22.1 157/ 4 56  35.7 10.9  4 39  79.7   4.6  1.348   6.2
 157/ 9 28  37.0 21.3 157/ 9 57  37.5 10.8  9 44  74.7   2.9  2.522   7.2
 157/15 23 -38.0 10.1 157/15 54 -36.7 22.5 15 39 -84.7   2.5  1.109   2.7
 157/17  2 -36.6 10.6 157/17 34 -37.7 22.6 17 18 -84.1   2.4  1.165   2.8
 157/18 41 -35.9 10.8 157/19 15 -35.4 22.7 18 57 -81.4   3.9  1.270   4.9
 157/20 21 -38.1 10.9 157/20 55 -36.8 22.7 20 36 -80.9   3.4  1.346   4.5
 157/22  0 -37.0 10.8 157/22 35 -36.3 22.5 22 15 -81.6  16.5  1.114  18.4
 158/ 0 32  37.4 23.1 158/ 1  2  36.8 11.2  0 46  86.5   5.2  1.182   6.1
 158/ 7 13  35.6 21.5 158/ 7 45  36.1 10.7  7 30  75.0   5.3  2.022  10.6
 158/ 8 58  43.8 21.0 158/ 9 25  37.2 10.7  9 11  74.8   6.9  2.223  15.3
 158/13  9 -35.9  9.2 158/13 41 -37.0 22.5 13 26 -77.8  24.2  0.757  18.3
 158/14 51 -37.8  9.9 158/15 22 -36.3 22.5 15  7 -83.5  33.0  0.834  27.5
 158/16 30 -35.7 10.4 158/17  2 -37.8 22.5 16 46 -84.7  21.2  0.957  20.3
 158/18  9 -35.0 10.8 158/18 43 -35.2 22.7 18 26 -81.9   4.4  1.244   5.5
 159/ 4 59  36.9 21.9 159/ 5 32  36.9 10.8  5 16  78.5   5.3  1.428   7.5
 159/ 8 23  37.2 21.3 159/ 8 53  37.1 10.7  8 39  74.5   8.3  2.103  17.4
 159/14 18 -35.3  9.6 159/14 50 -35.9 22.5 14 35 -81.6  30.6  0.800  24.5
 159/19 17 -36.3 10.9 159/19 51 -36.4 22.7 19 33 -81.0  21.0  1.105  23.2
 159/20  8  35.4 22.4 159/20 34  53.0 10.5 20 24  87.7  14.0  1.074  15.0
 159/20 56 -35.2 10.8 159/21 31 -37.4 22.6 21 12 -80.7  17.8  1.141  20.4
 159/21 49  36.6 22.5 159/22 14  50.6 10.7 22  3  87.6  23.4  0.984  23.0
 159/22 36 -37.4 10.8 159/23 11 -35.7 22.5 22 51 -82.3  18.6  1.053  19.6
 160/ 1  7  35.5 23.1 160/ 1 38  37.9 11.3  1 22  85.5  19.8  1.051  20.8
 160/ 2 53  59.2 22.4 160/ 3 19  37.2 11.2  3  2  83.4  57.3  0.975  55.9
 160/ 7 50  36.0 21.4 160/ 8 21  36.9 10.7  8  7  74.6  17.8  1.644  29.2
 160/ 9 38  53.5 20.6 160/10  1  38.3 10.8  9 48  75.3  56.5  1.283  72.4
 160/11 14  37.6 21.4 160/11 42  38.0 11.0 11 29  75.8  12.0  1.791  21.4
 160/12 54  35.7 21.6 160/13 25  35.6 11.1 13 10  77.0  37.9  1.214  46.0
 160/13 46 -36.2  9.4 160/14 18 -35.3 22.5 14  3 -79.9  34.1  0.764  26.0
 160/15 27 -37.5 10.1 160/15 58 -37.6 22.5 15 43 -84.8  18.1  0.903  16.3
 160/17  6 -36.2 10.6 160/17 39 -35.3 22.6 17 22 -83.7  13.2  1.067  14.1
 160/17 55  35.2 22.3 160/18 17  74.4 11.1 18 12  87.2   9.1  1.220  11.1
 160/18 45 -35.5 10.8 160/19 19 -36.1 22.7 19  1 -81.3   7.4  1.247   9.2
 160/20 25 -37.7 10.9 160/20 59 -37.5 22.6 20 40 -80.8  20.4  1.134  23.1
 160/21 17  36.8 22.4 160/21 41  55.0 10.6 21 31  88.0  15.5  1.023  15.8
 160/22  4 -36.5 10.8 160/22 39 -36.8 22.5 22 19 -81.6   8.5  1.224  10.4
 160/22 57  36.5 22.7 160/23 26  36.8 10.9 23 11  86.3  21.2  0.994  21.0
 161/ 2 14  36.1 23.0 161/ 2 47  36.6 11.3  2 31  83.5   5.7  1.271   7.2
 161/ 4  0  54.5 21.9 161/ 4 28  35.8 11.0  4 11  80.8   5.5  1.298   7.2
 161/ 5 36  37.3 21.7 161/ 6  8  38.1 10.8  5 53  77.3   7.5  1.488  11.2
 161/ 7 18  37.5 21.4 161/ 7 49  36.7 10.7  7 34  75.0   5.9  2.020  11.9
 161/14 55 -37.3  9.9 161/15 26 -37.2 22.5 15 11 -83.7   6.9  0.986   6.8
 161/18 14 -37.7 10.8 161/18 47 -36.0 22.7 18 30 -82.2  28.9  1.060  30.6
 161/19  4  36.7 22.3 161/19 25  73.3 10.7 19 20  90.0  20.9  1.048  21.9
 161/22 30  55.8 22.6 161/22 54  37.3 10.8 22 39  88.3   4.0  1.169   4.7
 162/ 5  4  38.9 21.8 162/ 5 36  37.5 10.8  5 20  78.4   3.9  1.474   5.8
 162/ 8 27  36.4 21.3 162/ 8 57  37.7 10.7  8 43  74.5   2.3  2.554   6.0
 162/14 23 -37.6  9.6 162/14 54 -36.7 22.5 14 39 -82.2   3.4  1.057   3.6
 162/19 21 -35.9 10.9 162/19 55 -37.1 22.7 19 37 -80.9   2.0  1.408   2.9
 162/21 58  55.2 22.5 162/22 22  38.0 10.7 22  7  87.8   2.9  1.205   3.5
 162/22 40 -37.0 10.8 162/23 15 -36.1 22.5 22 55 -82.3   7.1  1.209   8.6
 163/ 1 15  49.3 23.1 163/ 1 43  35.3 11.3  1 27  86.4  22.7  1.053  23.9
 163/ 4 33  43.3 21.9 163/ 5  4  37.0 10.9  4 48  79.5   3.7  1.363   5.1
 163/18 49 -35.1 10.8 163/19 23 -36.8 22.7 19  5 -81.3   3.3  1.306   4.3
 163/19 40  35.2 22.4 163/20  7  51.1 10.5 19 56  87.5   2.1  1.234   2.6
 163/22  8 -36.1 10.8 163/22 43 -37.3 22.5 22 23 -81.7   2.0  1.349   2.7
 164/ 0 40  36.0 23.1 164/ 1 10  38.0 11.3  0 55  86.4   2.3  1.264   2.9
 164/ 4  2  47.6 22.0 164/ 4 32  36.4 11.0  4 15  80.6   2.9  1.383   4.0
 164/14  7  37.0 21.8 164/14 26  75.3 13.7 14 23  79.1   4.5  1.439   6.5
 164/21 36 -35.2 10.8 164/22 12 -35.6 22.6 21 51 -81.1   3.2  1.336   4.3
 165/ 0 13  53.6 23.0 165/ 0 38  37.7 11.2  0 23  88.1   5.8  1.185   6.9
 165/ 6 49  35.2 21.5 165/ 7 21  37.1 10.7  7  6  75.4   2.1  2.005   4.1
 165/ 8 31  35.5 21.3 165/ 9  1  38.4 10.7  8 48  74.5   1.7  2.512   4.3
 165/13 35  37.1 21.7 165/14  6  37.7 11.1 13 51  77.7   2.3  1.653   3.8
 165/19 25 -35.5 10.9 165/20  0 -35.1 22.7 19 41 -80.8   2.0  1.411   2.8
 165/20 17  36.9 22.3 165/20 42  54.0 10.5 20 32  87.9   2.0  1.227   2.5
 165/22 44 -36.5 10.8 165/23 19 -36.6 22.5 22 59 -82.2   2.1  1.294   2.7
 166/ 9 41  37.1 21.3 166/10 10  35.8 10.7  9 56  74.7   5.8  2.291  13.3
 166/17 14 -35.4 10.6 166/17 47 -36.9 22.6 17 31 -83.6   3.7  1.159   4.3
 166/18 54 -37.8 10.9 166/19 27 -37.6 22.7 19 10 -81.6   1.2  1.409   1.7
 166/21 31  57.6 22.4 166/21 55  36.1 10.6 21 40  88.8   3.2  1.197   3.8
 166/22 12 -35.6 10.8 166/22 48 -35.3 22.5 22 27 -81.7   3.8  1.259   4.7
 167/ 2 25  44.2 22.8 167/ 2 55  37.8 11.3  2 39  83.9   6.8  1.264   8.6
 167/ 4  7  49.7 21.9 167/ 4 36  37.0 11.0  4 20  80.5   2.5  1.419   3.6
 167/ 7 26  35.6 21.4 167/ 7 57  37.9 10.7  7 43  74.9   2.2  2.370   5.2
 167/ 9  8  35.9 21.3 167/ 9 38  35.5 10.7  9 24  74.5   1.9  2.554   4.9
 167/16 43 -37.5 10.5 167/17 15 -37.0 22.5 16 59 -84.7   6.7  1.123   7.6
 167/18 22 -36.9 10.8 167/18 55 -37.5 22.6 18 38 -82.1   5.4  1.247   6.7
 167/20  1 -35.9 10.9 167/20 36 -36.1 22.7 20 17 -80.7   5.6  1.290   7.2
 167/21 41 -38.2 10.8 167/22 16 -36.1 22.5 21 56 -81.6   7.1  1.260   8.9
 168/ 1 56  53.0 22.9 168/ 2 23  37.2 11.3  2  7  85.3   2.6  1.324   3.4
 168/ 5 12  37.0 21.8 168/ 5 45  35.5 10.8  5 29  78.0   3.0  1.550   4.6
 168/ 6 59  51.4 20.8 168/ 7 25  37.6 10.7  7 10  75.7   1.9  2.028   3.8
 168/ 8 36  37.3 21.3 168/ 9  6  35.3 10.6  8 52  74.4   4.4  2.417  10.5
 168/10 17  35.1 21.3 168/10 46  37.2 10.8 10 33  75.0   2.9  2.331   6.9
 168/17 50 -36.0 10.7 168/18 23 -37.5 22.6 18  7 -82.7   2.2  1.295   2.8
 168/19 29 -35.1 10.8 168/20  4 -35.8 22.7 19 45 -80.8   1.9  1.421   2.8
 168/20 21  36.0 22.3 168/20 46  54.5 10.5 20 36  88.0   3.6  1.179   4.3
 168/21  9 -37.2 10.8 168/21 44 -36.6 22.6 21 24 -81.2   2.2  1.411   3.2
 168/22  2  37.6 22.5 168/22 27  48.7 10.7 22 16  87.3   6.3  1.143   7.2
 169/ 3  1  44.3 22.6 169/ 3 32  35.9 11.1  3 15  82.7   3.3  1.328   4.4
 169/ 8  3  36.1 21.3 169/ 8 34  35.2 10.6  8 19  74.4   1.7  2.499   4.3
 169/17 18 -35.1 10.6 169/17 51 -37.6 22.5 17 35 -83.6   2.5  1.189   3.0
 169/18 58 -37.4 10.9 169/19 32 -35.5 22.7 19 14 -81.4   2.3  1.374   3.2
 169/20 37 -36.4 10.8 169/21 12 -36.8 22.6 20 52 -80.8   1.2  1.429   1.7
 170/ 0 53  53.7 23.0 170/ 1 19  36.0 11.2  1  3  87.3   5.8  1.201   7.0
 170/ 4 13  54.9 21.7 170/ 4 40  37.6 11.0  4 24  80.3  13.9  1.201  16.7
 170/ 7 31  37.5 21.3 170/ 8  2  35.1 10.6  7 47  74.8  27.2  1.423  38.7
 170/ 9 12  35.1 21.3 170/ 9 42  36.1 10.7  9 28  74.5  27.4  1.557  42.6
 170/10 54  36.0 21.4 170/11 23  35.0 10.9 11  9  75.4  21.9  1.561  34.2
 170/13 26 -35.9  9.2 170/13 58 -37.4 22.4 13 43 -78.9  27.9  0.766  21.3
 170/15  7 -35.8  9.9 170/15 39 -36.5 22.5 15 23 -84.1  62.6  0.844  52.8
 170/17 36  36.1 22.2 170/17 58  73.1 11.1 17 53  86.4   7.7  1.247   9.6
 170/18 26 -36.5 10.8 170/19  0 -35.3 22.7 18 42 -81.9  14.7  1.136  16.7
 170/19 17  37.3 22.3 170/19 48  36.1 10.6 19 33  85.0   6.0  1.182   7.1
 170/20  5 -35.5 10.8 170/20 40 -36.8 22.7 20 21 -80.7  12.9  1.212  15.6
 170/20 58  38.1 22.4 170/21 22  53.9 10.5 21 12  87.8  10.2  1.088  11.1
 170/21 45 -37.7 10.8 170/22 20 -36.6 22.5 21 60 -81.6  17.0  1.123  19.1
 170/22 38  37.0 22.6 170/23  7  35.6 10.8 22 52  85.9  41.9  0.990  41.5
 171/ 1 55  35.7 23.0 171/ 2 27  37.8 11.3  2 11  84.0  17.7  1.087  19.3
 171/ 5 17  39.0 21.7 171/ 5 49  36.1 10.8  5 33  77.9  10.6  1.360  14.5
 171/ 6 58  36.2 21.4 171/ 7 29  38.2 10.7  7 15  75.3   8.5  1.721  14.6
 171/10 22  37.0 21.3 171/10 50  37.9 10.9 10 37  75.2   5.4  2.152  11.7
 171/12  3  36.8 21.5 171/12 32  36.0 11.0 12 18  76.4   4.1  2.038   8.3
 171/16 15 -36.3 10.3 171/16 47 -37.8 22.5 16 31 -85.1   3.0  1.186   3.6
 171/17 54 -35.6 10.7 171/18 28 -35.2 22.6 18 11 -82.5   4.6  1.230   5.6
 171/19 34 -37.9 10.9 171/20  8 -36.5 22.7 19 49 -81.1   4.0  1.306   5.3
 171/21 13 -36.8 10.8 171/21 48 -37.2 22.5 21 28 -81.1   7.0  1.266   8.9
 172/ 0 32 -36.7 10.7 172/ 1  6 -35.0 22.7  0 47 -83.1   2.5  1.190   3.0
 172/ 1 30  58.1 22.9 172/ 1 55  37.1 11.3  1 39  86.5   2.9  1.292   3.7
 172/ 3  6  46.7 22.5 172/ 3 36  36.5 11.1  3 19  82.6   2.5  1.387   3.5
 172/ 4 46  43.6 21.8 172/ 5 17  35.5 10.8  5  0  79.0   2.0  1.566   3.1
 172/ 6 29  46.5 21.1 172/ 6 57  37.8 10.7  6 42  76.1   1.6  1.937   3.1
 172/ 8  7  35.2 21.4 172/ 8 38  35.8 10.6  8 24  74.4   1.5  2.456   3.7
 172/ 9 49  35.5 21.3 172/10 18  37.2 10.8 10  5  74.8   3.1  2.504   7.9
 172/19  2 -37.0 10.8 172/19 36 -36.2 22.7 19 18 -81.3   1.4  1.439   2.1
 172/20 41 -35.9 10.8 172/21 16 -37.5 22.6 20 57 -80.8   2.0  1.421   2.8
 172/22 21 -38.2 10.7 172/22 56 -36.2 22.5 22 35 -82.2   2.0  1.330   2.6
 181/ 0  1  48.7 22.9 181/ 0 27  37.0 11.1  0 12  87.7   3.9  1.187   4.6
 181/ 1 42  56.4 22.9 181/ 2  8  35.7 11.2  1 52  85.9  19.4  1.060  20.6
 181/ 6 38  35.2 21.5 181/ 7 10  36.2 10.6  6 55  75.5   2.3  1.915   4.4
 181/10  2  35.8 21.3 181/10 31  35.3 10.7 10 17  74.8   1.6  2.408   3.8
 181/11 43  35.1 21.4 181/12 12  36.3 11.0 11 58  76.0   1.5  2.043   3.0
 181/17 35 -36.5 10.6 181/18  8 -37.4 22.5 17 52 -83.3   1.0  1.310   1.3
 181/19 14 -35.7 10.8 181/19 49 -35.5 22.7 19 30 -81.0   1.1  1.443   1.6
 181/20 54 -37.9 10.8 181/21 29 -36.7 22.5 21  9 -81.1   1.8  1.399   2.6
 182/ 2 49  54.0 22.5 182/ 3 16  37.6 11.2  2 60  83.5  14.6  1.156  16.8
 182/ 6  6  36.7 21.5 182/ 6 38  35.8 10.7  6 22  76.3   2.2  1.716   3.7
 182/ 7 48  36.9 21.3 182/ 8 18  37.4 10.6  8  4  74.6   2.2  2.491   5.4
 182/ 9 30  37.2 21.2 182/ 9 58  38.7 10.7  9 45  74.6   3.4  2.499   8.4
 182/13 43 -35.9  9.3 182/14 15 -37.5 22.4 14  0 -80.0   7.3  0.914   6.7
 182/17  3 -35.6 10.5 182/17 36 -37.5 22.5 17 20 -84.0   2.5  1.157   2.9
 182/20 22 -37.0 10.8 182/20 57 -36.7 22.6 20 38 -80.9  12.4  1.219  15.1
 182/21 15  38.2 22.3 182/21 39  52.1 10.5 21 29  87.5   7.2  1.141   8.2
 182/22 59  54.4 22.7 182/23 23  37.3 10.8 23  8  88.4   4.0  1.174   4.7
 183/ 2 15  46.6 22.8 183/ 2 44  36.9 11.2  2 28  84.3   4.9  1.273   6.2
 183/ 3 55  46.5 22.1 183/ 4 25  36.1 10.9  4  8  80.8   2.7  1.390   3.7
 183/ 5 33  35.4 21.7 183/ 6  6  35.2 10.7  5 50  77.2   2.1  1.709   3.6
 183/ 7 20  50.0 20.7 183/ 7 46  37.1 10.6  7 31  75.3   1.6  2.197   3.5
 183/ 8 57  35.9 21.2 183/ 9 26  38.3 10.7  9 13  74.5   1.3  2.405   3.2
 183/13 10 -35.1  9.1 183/13 43 -36.8 22.4 13 28 -77.9   3.5  0.998   3.5
 183/16 32 -37.6 10.4 183/17  4 -37.5 22.4 16 48 -85.1   5.7  1.103   6.3
 183/18 11 -37.0 10.7 183/18 45 -35.0 22.6 18 27 -82.3   2.7  1.310   3.5
 183/19 50 -36.2 10.8 183/20 25 -36.5 22.6 20  6 -80.8   5.4  1.292   7.0
 183/20 42  35.1 22.3 183/21  7  53.0 10.4 20 57  87.6   9.1  1.113  10.1
 183/21 29 -35.1 10.7 183/22  5 -36.9 22.5 21 45 -81.1   6.2  1.275   7.9
 184/ 0  7  56.0 22.9 184/ 0 31  37.5 11.1  0 16  88.6   3.9  1.184   4.6
 184/ 1 46  55.9 22.8 184/ 2 12  36.2 11.2  1 56  85.7  12.1  1.170  14.1
 184/ 6 43  37.2 21.4 184/ 7 14  36.8 10.6  6 59  75.5   2.2  1.952   4.3
 184/ 8 25  37.4 21.2 184/ 8 54  38.1 10.6  8 41  74.4   1.8  2.513   4.4
 184/16  0 -36.9 10.2 184/16 32 -37.5 22.4 16 16 -85.3  17.9  0.939  16.8
 184/17 39 -36.1 10.6 184/18 13 -35.0 22.5 17 56 -83.0   3.1  1.228   3.8
 184/19 18 -35.3 10.8 184/19 53 -36.2 22.6 19 35 -81.0   2.5  1.390   3.5
 184/20 58 -37.5 10.8 184/21 33 -37.2 22.5 21 13 -81.1   3.2  1.341   4.3
 184/21 51  37.2 22.4 184/22 14  55.3 10.6 22  5  88.2   3.1  1.196   3.8
 184/22 37 -36.4 10.7 184/23 13 -35.4 22.5 22 52 -82.2   6.9  1.216   8.4
 185/ 1 13  50.8 23.0 185/ 1 40  35.6 11.2  1 24  86.5   5.8  1.214   7.1
 185/ 2 50  43.8 22.6 185/ 3 20  38.1 11.2  3  4  83.0  12.5  1.184  14.8
 185/ 4 34  54.0 21.5 185/ 5  1  37.3 10.9  4 45  79.5  10.0  1.263  12.6
 185/ 6 10  35.9 21.5 185/ 6 42  36.3 10.7  6 27  76.2   4.2  1.657   7.0
 185/ 7 52  36.2 21.3 185/ 8 22  37.9 10.6  8  8  74.6   3.9  2.383   9.4
 185/ 9 34  36.4 21.2 185/10  3  35.5 10.7  9 49  74.6   3.6  2.482   8.9
 185/12 56  36.1 21.5 185/13 26  36.6 11.0 13 11  77.0   4.6  1.730   8.0
 185/20 26 -36.6 10.8 185/21  1 -37.2 22.6 20 42 -80.8   7.5  1.274   9.6
 185/21 19  37.5 22.3 185/21 48  36.1 10.5 21 33  84.7  16.3  1.016  16.6
 185/22  5 -35.5 10.7 185/22 41 -36.5 22.4 22 21 -81.6   6.0  1.252   7.6
 185/22 59  37.2 22.6 185/23 27  37.7 10.8 23 12  86.3   5.9  1.155   6.8
 186/ 0 38  37.3 23.0 186/ 1  8  35.1 11.1  0 52  86.1   9.5  1.153  10.9
 186/ 1 25 -37.5 10.6 186/ 1 44 -74.2  0.3  1 40 -85.1   3.5  1.156   4.1
 186/ 7 20  37.7 21.3 186/ 7 50  37.7 10.6  7 36  74.9   1.5  2.252   3.4
 186/ 9  1  35.2 21.3 186/ 9 31  35.1 10.6  9 17  74.3   1.6  2.472   4.1
 186/18 15 -36.6 10.7 186/18 49 -35.6 22.6 18 31 -82.3   3.2  1.285   4.1
 186/19 54 -35.8 10.8 186/20 29 -37.1 22.6 20 10 -80.7   2.1  1.415   3.0
 186/21 34 -38.0 10.7 186/22  9 -37.3 22.5 21 49 -81.6   1.9  1.416   2.7
 187/ 0  6  35.1 22.9 187/ 0 35  38.0 11.1  0 20  86.6   2.9  1.208   3.5
 187/ 3 29  52.7 22.1 187/ 3 57  36.1 11.0  3 40  81.9  16.1  1.142  18.4
 187/ 5  7  42.3 21.6 187/ 5 38  35.2 10.7  5 22  78.2   7.5  1.387  10.4
 187/ 6 47  36.4 21.4 187/ 7 18  37.3 10.6  7  3  75.4   7.8  1.718  13.5
 187/10 11  37.1 21.2 187/10 39  36.7 10.8 10 26  75.0   6.2  2.218  13.8
 187/19 23 -38.0 10.8 187/19 57 -36.8 22.6 19 39 -81.2   2.2  1.406   3.1
 187/20 14  35.1 22.3 187/20 39  54.4 10.4 20 29  88.0   3.6  1.173   4.3
 187/21  2 -37.1 10.7 187/21 38 -35.0 22.5 21 17 -81.1   4.9  1.287   6.4
 188/ 0 21 -37.3 10.7 188/ 0 55 -36.0 22.6  0 36 -83.2  14.8  0.990  14.6
 188/ 2 54  43.2 22.6 188/ 3 25  35.5 11.1  3  8  82.8   3.0  1.345   4.1
 188/ 7 56  35.4 21.3 188/ 8 27  35.0 10.6  8 12  74.4   6.2  2.196  13.6
 188/ 9 38  35.7 21.2 188/10  7  36.1 10.7  9 54  74.6  11.8  1.962  23.1
 188/17 12 -37.7 10.5 188/17 45 -35.6 22.5 17 28 -84.0   5.0  1.155   5.7
 188/18 51 -37.1 10.8 188/19 25 -36.4 22.6 19  7 -81.6   6.6  1.261   8.3
 188/19 42  35.8 22.3 188/20  8  52.0 10.4 19 58  87.5  18.0  1.037  18.7
 188/20 30 -36.2 10.7 188/21  6 -35.1 22.6 20 46 -80.8   6.1  1.287   7.9
 188/21 23  36.7 22.3 188/21 47  52.9 10.5 21 37  87.6  62.9  0.921  57.9
 188/22  9 -35.0 10.7 188/22 45 -37.0 22.4 22 25 -81.6  48.2  1.006  48.5
 189/ 5 46  49.0 21.2 189/ 6 14  36.4 10.7  5 58  77.2   5.3  1.565   8.3
 189/ 7 26  42.6 21.1 189/ 7 54  38.2 10.6  7 40  75.0   1.8  2.322   4.1
 189/11 42 -50.1  8.3 189/11 59 -70.5  1.2 11 56 -75.0   2.7  1.048   2.8
 189/19 58 -35.3 10.8 189/20 34 -35.0 22.6 20 14 -80.6   2.6  1.399   3.7
 189/20 51  37.2 22.3 189/21 15  53.8 10.4 21  5  87.7   3.9  1.171   4.5
 189/21 38 -37.5 10.7 189/22 14 -35.1 22.5 21 53 -81.5   2.7  1.373   3.7
 190/ 1 52  47.9 22.9 190/ 2 20  37.4 11.2  2  4  85.0  35.2  1.040  36.6
 190/ 6 55  47.4 20.9 190/ 7 22  37.9 10.6  7  7  75.6  19.4  1.430  27.7
 190/ 8 36  44.2 20.9 190/ 9  3  35.6 10.6  8 49  74.7   8.1  2.124  17.2
 190/10 15  36.5 21.2 190/10 43  37.5 10.8 10 30  75.0   4.3  2.303   9.9
 190/13 37  37.9 21.6 190/14  8  35.6 10.9 13 52  77.6   6.3  1.575   9.9
 190/14 28 -35.9  9.6 190/15  0 -37.1 22.4 14 45 -82.6   7.8  0.932   7.3
 190/19 27 -37.6 10.8 190/20  1 -37.4 22.6 19 43 -81.1  16.8  1.144  19.2
 190/20 19  37.8 22.2 190/20 40  65.8 10.4 20 33  90.0  25.2  1.010  25.4
 190/21  6 -36.6 10.7 190/21 42 -35.5 22.5 21 22 -81.0  17.3  1.146  19.8
 190/21 59  35.6 22.4 190/22 21  59.8 10.6 22 13  89.1  30.4  0.978  29.7
 191/ 2 56  36.6 22.6 191/ 3 29  36.1 11.1  3 12  82.2   3.5  1.313   4.6
 191/ 4 40  46.2 21.7 191/ 5 10  35.2 10.8  4 53  79.2   3.9  1.362   5.3
 191/ 6 19  37.3 21.4 191/ 6 50  37.5 10.7  6 35  76.0   7.6  1.617  12.3
 191/ 9 42  35.1 21.3 191/10 11  36.8 10.7  9 58  74.6   9.8  2.039  20.1
 191/13  5  38.1 21.5 191/13 35  35.3 11.0 13 20  77.1   7.8  1.639  12.8
 191/18 55 -36.7 10.7 191/19 29 -37.1 22.6 19 11 -81.5   9.2  1.231  11.3
 191/20 34 -35.7 10.7 191/21 10 -35.7 22.5 20 50 -80.7  10.0  1.251  12.5
 191/22 14 -37.9 10.7 191/22 49 -37.3 22.4 22 29 -82.1   3.5  1.265   4.4
 192/ 0 46  36.4 23.0 192/ 1 16  36.2 11.1  1  0  86.0  42.2  1.003  42.3
 192/ 4  4  35.2 22.2 192/ 4 37  37.8 10.9  4 21  80.1   2.8  1.400   4.0
 192/ 5 48  42.0 21.4 192/ 6 18  36.9 10.7  6  2  77.0   2.4  1.678   4.0
 192/ 9 10  36.5 21.2 192/ 9 39  36.4 10.7  9 25  74.4   3.4  2.521   8.5
 192/18 23 -35.8 10.7 192/18 57 -36.9 22.5 18 40 -82.0   2.5  1.320   3.3
 192/20  3 -38.0 10.8 192/20 38 -35.5 22.6 20 18 -81.0   1.7  1.428   2.5
 192/21 42 -37.0 10.7 192/22 18 -35.5 22.4 21 57 -81.5   3.1  1.332   4.1
 193/ 1 55  44.0 22.9 193/ 2 24  38.0 11.2  2  8  84.7   1.7  1.386   2.3
 193/ 6 56  37.8 21.3 193/ 7 27  35.2 10.6  7 12  75.2   1.5  2.060   3.0
 193/ 8 37  35.3 21.3 193/ 9  7  36.2 10.6  8 53  74.3   1.2  2.434   3.0
 193/10 19  35.8 21.3 193/10 47  38.2 10.8 10 34  75.0   2.1  2.289   4.7
 193/13 41  37.3 21.6 193/14  1  70.1 12.7 13 56  78.4   1.4  1.672   2.4
 193/19 31 -37.1 10.8 193/20  6 -35.2 22.6 19 47 -81.0   1.8  1.427   2.6
 193/21 10 -36.1 10.7 193/21 46 -36.0 22.5 21 26 -81.0   2.4  1.395   3.4
 193/22  4  39.1 22.4 193/22 28  49.5 10.6 22 17  87.3   2.1  1.201   2.5
 194/ 3  6  55.1 22.3 194/ 3 33  36.7 11.1  3 16  82.8   7.2  1.259   9.0
 194/18 59 -36.2 10.7 194/19 33 -37.7 22.6 19 16 -81.4   1.9  1.400   2.7
 194/20 38 -35.2 10.7 194/21 14 -36.2 22.5 20 54 -80.6   2.3  1.426   3.3
 194/21 31  35.1 22.3 194/21 55  53.7 10.5 21 45  87.9   3.1  1.192   3.7
 194/22 18 -37.4 10.6 194/22 54 -35.1 22.4 22 33 -82.0   2.3  1.309   3.0
 195/ 0  0 -46.1 10.6 195/ 0 32 -35.9 22.5  0 12 -84.7   2.2  1.220   2.7
 195/ 7 32  35.5 21.3 195/ 8  3  36.0 10.6  7 48  74.6   1.5  2.430   3.6
 195/19 18  35.2 22.2 195/19 39  72.1 10.5 19 34  90.0   2.2  1.262   2.8
 195/20  7 -37.5 10.7 195/20 42 -36.1 22.5 20 23 -80.9   1.6  1.437   2.3
 195/20 59  35.7 22.2 195/21 29  35.1 10.4 21 13  84.2   1.6  1.231   2.0
 195/21 46 -36.5 10.6 195/22 22 -36.0 22.4 22  1 -81.4   1.7  1.384   2.4
 195/22 40  38.6 22.5 195/23  8  36.4 10.7 22 53  86.2   2.1  1.184   2.5
 196/ 1 57  36.8 22.9 196/ 2 29  35.4 11.1  2 12  83.8   5.1  1.259   6.4
 196/ 5 18  36.8 21.7 196/ 5 50  37.0 10.7  5 34  77.8   7.7  1.434  11.0
 196/ 7  4  49.0 20.8 196/ 7 31  35.8 10.6  7 16  75.4   2.7  1.999   5.4
 196/ 8 42  37.3 21.2 196/ 9 11  36.9 10.6  8 57  74.4   4.0  2.451   9.7
 196/10 23  35.1 21.3 196/10 52  35.0 10.8 10 38  75.0   5.4  2.141  11.5
 196/12  5  38.0 21.4 196/12 33  37.2 11.0 12 19  76.3  10.0  1.791  17.9
 196/13 45  36.8 21.6 196/14 16  37.5 11.0 14  0  77.8  23.5  1.290  30.3
 196/17  6  37.5 22.0 196/17 24  82.6 12.9 17 22  85.0  57.0  1.027  58.6
 196/19 35 -36.6 10.7 196/20 10 -35.8 22.6 19 51 -80.9  25.6  1.079  27.6
 196/21 14 -35.6 10.6 196/21 50 -36.5 22.4 21 30 -80.9  14.6  1.172  17.2
 197/ 3  8  47.9 22.4 197/ 3 37  37.3 11.0  3 21  82.6  11.4  1.206  13.8
 197/ 6 27  35.7 21.5 197/ 6 59  35.5 10.6  6 43  75.7   8.7  1.620  14.0
 197/ 8  9  36.0 21.3 197/ 8 39  36.8 10.6  8 25  74.3   3.0  2.505   7.5
 197/17 24 -36.4 10.5 197/17 57 -37.4 22.4 17 41 -83.6   3.0  1.204   3.6
 197/20 43 -37.9 10.7 197/21 18 -36.7 22.5 20 58 -81.0   1.6  1.415   2.2
 197/22 22 -36.9 10.6 197/22 58 -35.5 22.4 22 37 -82.0   2.0  1.326   2.7
 198/ 7 37  37.6 21.3 198/ 8  7  36.6 10.6  7 52  74.6   6.3  2.133  13.3
 198/ 9 18  35.1 21.3 198/ 9 47  37.8 10.7  9 34  74.5   4.7  2.387  11.2
 198/14 21  36.0 21.7 198/14 40  75.4 13.5 14 37  79.4  28.4  1.213  34.4
 198/20 11 -37.0 10.7 198/20 46 -36.6 22.5 20 27 -80.8   5.4  1.294   7.0
 198/21 50 -36.0 10.6 198/22 26 -36.4 22.4 22  6 -81.3  14.4  1.155  16.6
 199/ 7  7  45.1 21.0 199/ 7 35  36.4 10.6  7 20  75.3   5.1  1.892   9.7
 199/ 8 46  36.6 21.2 199/ 9 15  37.5 10.7  9  1  74.4  10.4  2.002  20.7
 199/21 18 -35.1 10.6 199/21 54 -37.0 22.4 21 34 -80.8   5.0  1.279   6.4
 200/ 6 31  35.0 21.5 200/ 7  3  36.1 10.6  6 48  75.6  13.5  1.490  20.1
 200/ 8 13  35.4 21.3 200/ 8 43  37.4 10.6  8 29  74.3  14.0  1.810  25.3
 200/11 37  38.0 21.3 200/12  5  35.7 10.9 11 51  76.0  47.1  1.242  58.4
 200/13 17  36.4 21.6 200/13 48  35.3 11.0 13 32  77.2   7.2  1.623  11.8
 200/20 47 -37.4 10.7 200/21 22 -37.2 22.4 21  2 -80.9   6.1  1.279   7.8
 201/ 5 59  36.7 21.5 201/ 6 31  35.6 10.7  6 15  76.5   2.5  1.651   4.0
 201/ 7 42  39.8 21.2 201/ 8 11  37.3 10.6  7 57  74.7   2.1  2.482   5.3
 201/ 9 23  37.2 21.2 201/ 9 51  38.5 10.7  9 38  74.5   1.8  2.486   4.5
 201/20 15 -36.5 10.7 201/20 50 -37.1 22.5 20 31 -80.7   3.2  1.362   4.3
 201/21 54 -35.4 10.6 201/22 30 -36.7 22.4 22 10 -81.3   2.1  1.342   2.9
 201/22 48  37.4 22.5 201/23 16  37.3 10.7 23  1  86.3   4.2  1.166   4.9
 202/ 5 26  35.3 21.7 202/ 5 59  35.1 10.7  5 43  77.4   2.9  1.603   4.6
 202/ 8 50  36.0 21.3 202/ 9 19  38.2 10.7  9  6  74.4   1.3  2.415   3.1
 203/ 8 18  37.5 21.2 203/ 8 47  38.0 10.7  8 33  74.4   1.2  2.433   3.0
 203/ 9 59  35.1 21.3 203/10 28  35.9 10.7 10 14  74.7   1.5  2.379   3.5
 203/20  3  35.8 22.2 203/20 33  37.5 10.4 20 18  84.7  13.7  1.075  14.7
 203/20 51 -36.9 10.7 203/21 26 -37.7 22.4 21  7 -80.8   6.3  1.277   8.0
 203/21 44  37.1 22.3 203/22 13  35.6 10.5 21 57  85.0   3.2  1.186   3.7
 203/22 30 -35.8 10.6 203/23  6 -36.1 22.4 22 46 -81.8   3.3  1.264   4.1
 204/ 1  6  50.4 22.9 204/ 1 33  35.5 11.1  1 17  86.8   6.1  1.203   7.4
 204/ 2 45  50.0 22.5 204/ 3 13  38.0 11.1  2 57  83.5   9.4  1.230  11.6
 204/ 7 45  36.3 21.3 204/ 8 15  37.9 10.6  8  1  74.6   1.6  2.448   3.9
 204/ 9 27  36.6 21.2 204/ 9 56  35.4 10.7  9 42  74.5   1.5  2.390   3.5
 204/12 49  36.1 21.5 204/13 19  36.1 11.0 13  4  76.8   1.6  1.807   2.9
 204/19 31  36.6 22.2 204/19 57  51.7 10.3 19 46  87.5   6.3  1.179   7.4
 204/20 19 -36.0 10.7 204/20 54 -37.6 22.5 20 35 -80.6   3.8  1.315   5.0
 204/21 12  37.4 22.2 204/21 35  56.0 10.4 21 26  88.1   9.2  1.103  10.2
 204/21 59 -38.2 10.6 204/22 34 -37.1 22.3 22 14 -81.7   9.1  1.219  11.1
 205/ 7 12  35.0 21.4 205/ 7 43  37.6 10.6  7 28  74.9   2.8  2.140   6.1
 205/ 8 54  35.4 21.3 205/ 9 24  35.2 10.6  9 10  74.2   2.7  2.541   7.0
 205/18 59  37.3 22.1 205/19 19  74.3 10.6 19 15  89.6  21.3  1.047  22.3
 205/20 40  38.1 22.2 205/21  9  37.2 10.4 20 54  84.7   5.5  1.156   6.4
 205/21 27 -37.3 10.6 205/22  3 -35.1 22.4 21 42 -81.2   4.2  1.286   5.4
 205/22 20  36.4 22.4 205/22 45  48.0 10.6 22 34  87.4   5.3  1.150   6.1
 206/10  4  37.4 21.2 206/10 32  36.7 10.8 10 19  74.9   2.4  2.519   6.1
 206/11 45  36.9 21.4 206/12 13  37.7 11.0 11 60  76.1   2.5  2.090   5.1
 206/20 55 -36.3 10.6 206/21 31 -35.4 22.4 21 11 -80.8   2.5  1.391   3.5
 207/ 2 51  56.2 22.3 207/ 3 18  35.5 11.0  3  1  83.5   2.0  1.397   2.9
 207/ 4 29  47.2 21.7 207/ 4 58  37.8 10.8  4 42  79.7   5.6  1.329   7.5
 207/ 6  7  35.3 21.6 207/ 6 39  36.9 10.7  6 24  76.2   1.8  1.772   3.1
 207/ 9 31  36.0 21.3 207/10  0  36.2 10.7  9 46  74.5   1.2  2.394   3.0
 207/20 23 -35.4 10.6 207/20 59 -35.3 22.5 20 39 -80.5   2.9  1.379   4.0
 207/22  3 -37.6 10.6 207/22 38 -37.4 22.3 22 18 -81.6  25.2  1.057  26.6
 208/ 0 35  36.2 22.9 208/ 1  5  35.8 11.0  0 49  86.4   2.9  1.216   3.5
 208/ 8 59  37.5 21.2 208/ 9 28  36.0 10.7  9 14  74.4   3.1  2.537   7.9
 208/20 44  37.4 22.2 208/21  8  53.9 10.3 20 58  87.7   3.5  1.167   4.0
 208/21 31 -36.7 10.6 208/22  7 -35.5 22.4 21 47 -81.1   1.7  1.413   2.4
 209/ 1 48  58.4 22.7 209/ 2 13  37.4 11.1  1 57  86.0   3.7  1.277   4.8
 209/ 6 44  35.9 21.4 209/ 7 15  38.0 10.7  7  0  75.5   2.3  1.955   4.4
 209/ 8 26  36.3 21.3 209/ 8 56  35.9 10.6  8 42  74.3   1.8  2.522   4.6
 209/10  8  36.8 21.3 209/10 36  37.5 10.8 10 23  74.9   1.6  2.372   3.7
 209/20 12  38.2 22.1 209/20 42  35.5 10.4 20 26  84.6   2.0  1.226   2.4
 209/20 59 -35.8 10.6 209/21 35 -35.8 22.4 21 15 -80.7   2.0  1.406   2.8
 209/21 52  35.8 22.3 209/22 16  52.6 10.5 22  6  87.9   7.4  1.126   8.3
 209/22 39 -38.0 10.6 209/23 14 -36.6 22.3 22 54 -82.2   1.8  1.322   2.3
 210/ 4 36  56.2 21.4 210/ 5  3  35.3 10.8  4 46  79.5   9.7  1.267  12.2
 210/ 6 12  37.6 21.5 210/ 6 43  37.6 10.7  6 28  76.2   1.8  1.814   3.3
 210/ 7 53  35.0 21.4 210/ 8 24  35.8 10.6  8  9  74.4   2.0  2.496   4.9
 210/ 9 35  35.4 21.3 210/10  4  37.0 10.7  9 51  74.6   4.1  2.436   9.9
 210/12 57  35.1 21.6 210/13 28  35.1 11.0 13 12  76.9   1.7  1.781   3.1
 210/16 18  35.9 21.9 210/16 51  37.2 10.4 16 35  83.5   3.9  1.362   5.3
 210/17 59  37.8 22.0 210/18 19  76.2 11.0 18 15  87.1   2.9  1.281   3.8
 210/21 20  36.2 22.2 210/21 49  37.3 10.4 21 34  84.9   3.8  1.176   4.5
 210/22  7 -37.1 10.6 210/22 43 -35.1 22.3 22 22 -81.6   2.8  1.296   3.6
 210/23  0  35.8 22.5 210/23 29  35.8 10.7 23 13  86.4   3.2  1.181   3.8
 211/ 0 39  35.9 22.9 211/ 1  9  36.4 11.0  0 53  86.3   2.1  1.270   2.7
 211/ 7 27  54.3 20.5 211/ 7 52  35.7 10.6  7 37  75.5   4.1  2.177   8.8
 211/ 9  3  36.9 21.2 211/ 9 32  36.7 10.7  9 18  74.4   8.8  2.105  18.5
 211/10 44  35.0 21.4 211/11 13  35.4 10.9 10 59  75.2   6.8  1.978  13.5
 211/12 25  35.4 21.5 211/12 55  35.2 11.0 12 40  76.5   5.1  1.846   9.4
 211/21 35 -36.2 10.6 211/22 11 -35.8 22.4 21 51 -81.0   7.2  1.265   9.1
 211/22 28  35.2 22.4 211/22 57  36.3 10.6 22 42  85.9   1.6  1.209   1.9
 212/ 6 48  35.3 21.5 212/ 7 20  35.5 10.6  7  4  75.3  11.8  1.589  18.7
 212/ 8 30  35.7 21.3 212/ 9  0  36.6 10.7  8 46  74.3  14.2  1.829  26.1
 213/ 6 21  52.6 20.8 213/ 6 48  35.1 10.7  6 32  76.3   3.0  1.716   5.2
 214/ 5 49  54.3 20.9 214/ 6 15  37.8 10.7  5 59  77.2   2.4  1.680   4.0
 214/ 9  7  36.3 21.3 214/ 9 36  37.4 10.7  9 22  74.4   1.3  2.395   3.1
 214/20 52  36.2 22.2 214/21 22  35.7 10.4 21  6  84.5   5.8  1.152   6.7
 214/21 39 -35.6 10.6 214/22 15 -36.1 22.3 21 55 -80.9   3.5  1.315   4.6
 215/ 6 58  52.6 20.7 215/ 7 24  36.2 10.7  7  8  75.7   1.9  2.019   3.8
 215/ 8 34  35.1 21.3 215/ 9  4  37.3 10.7  8 50  74.3   4.5  2.404  10.7
 215/20 20  37.0 22.1 215/20 44  56.0 10.3 20 35  88.2  26.3  1.009  26.5
 215/21  8 -37.9 10.6 215/21 43 -36.5 22.4 21 23 -80.9  19.4  1.129  21.9
 215/22  1  38.8 22.3 215/22 29  37.5 10.5 22 14  85.8  43.5  0.973  42.3
 216/ 6 20  36.3 21.5 216/ 6 52  35.8 10.7  6 36  76.0   5.5  1.712   9.4
 216/ 8  2  36.7 21.3 216/ 8 32  37.2 10.7  8 18  74.4   2.9  2.497   7.2
 216/19 48  37.8 22.1 216/20 13  53.7 10.3 20  3  87.6   2.2  1.243   2.7
 217/ 0 52  55.3 22.8 217/ 1 17  37.7 11.0  1  1  87.6   2.1  1.294   2.7
 217/ 4 13  59.5 21.4 217/ 4 39  36.2 10.8  4 22  80.3   2.1  1.461   3.1
 218/ 6 57  37.0 21.4 218/ 7 28  36.8 10.7  7 13  75.2   2.0  2.027   4.1
 218/ 8 39  37.3 21.3 218/ 9  8  38.0 10.7  8 54  74.4   1.6  2.457   3.8
 219/ 8  6  36.1 21.4 219/ 8 36  37.9 10.7  8 22  74.4   2.1  2.548   5.4
 219/19 52  37.2 22.1 219/20 16  57.7 10.3 20  7  88.4   4.1  1.200   4.9
 219/21 33  38.5 22.2 219/21 53  65.8 10.3 21 46  90.0   2.2  1.201   2.6
 220/ 4 17  58.9 21.4 220/ 4 43  36.9 10.9  4 26  80.2  10.9  1.250  13.7
 220/ 7 34  37.7 21.3 220/ 8  4  37.7 10.7  7 49  74.8   1.5  2.445   3.6
 220/ 9 15  35.2 21.3 220/ 9 45  35.3 10.7  9 31  74.4   1.3  2.394   3.0
 220/15 59  38.1 21.9 220/16 32  36.3 10.4 16 15  82.7  11.2  1.306  14.6
 220/17 39  36.7 22.0 220/18  0  74.8 11.0 17 55  86.3   4.9  1.271   6.3
 220/21  0  35.0 22.1 220/21 24  55.9 10.3 21 15  88.2   4.1  1.167   4.7
 220/22 41  38.0 22.4 220/23 10  35.0 10.6 22 54  86.2  11.1  1.062  11.7
 221/ 7  1  36.4 21.5 221/ 7 32  37.5 10.7  7 17  75.2   4.1  1.948   7.9
 221/ 8 43  36.7 21.3 221/ 9 13  35.2 10.7  8 58  74.3   3.7  2.476   9.1
 221/10 25  37.5 21.3 221/10 53  37.1 10.9 10 40  75.2   2.5  2.236   5.6
 221/12  6  37.6 21.5 221/12 35  35.7 11.1 12 20  76.4   2.5  2.101   5.2
 221/20 28  35.8 22.1 221/20 51  60.6 10.2 20 43  89.0   2.5  1.201   3.0
 221/22  9  37.7 22.3 221/22 33  51.3 10.5 22 22  88.1  18.2  1.001  18.2
 222/ 4 50  47.3 21.6 222/ 5 20  35.0 10.8  5  3  79.0   4.4  1.391   6.1
 222/ 6 28  35.1 21.6 222/ 7  0  37.2 10.7  6 45  75.8  29.7  1.246  37.0
 222/ 8 10  35.5 21.4 222/ 8 41  35.2 10.7  8 26  74.3  10.0  1.954  19.5
 222/ 9 52  35.9 21.3 222/10 21  36.5 10.8 10  7  74.7   8.3  2.130  17.7
 223/ 7 38  37.1 21.4 223/ 8  9  35.2 10.7  7 54  74.6   3.0  2.418   7.3
 223/ 9 20  37.4 21.3 223/ 9 49  36.1 10.8  9 35  74.5   2.3  2.530   5.9
 224/17 11  36.6 22.0 224/17 33  72.4 11.1 17 28  85.4   4.0  1.293   5.1
 224/18 52  38.1 22.1 224/19 10  81.4 10.9 19  7  88.8  12.1  1.131  13.7
 225/ 8 14  35.0 21.4 225/ 8 45  35.9 10.7  8 30  74.3   4.4  2.377  10.6
 225/ 9 56  35.4 21.4 225/10 25  37.4 10.9 10 11  74.8   5.4  2.314  12.5
 225/13 18  36.0 21.7 225/13 49  37.4 11.1 13 33  77.4   5.5  1.652   9.1
 225/20  0  36.1 22.1 225/20 20  73.1 10.3 20 15  90.0   6.1  1.173   7.1
 226/ 7 43  39.4 21.3 226/ 8 13  35.9 10.7  7 58  74.7  20.3  1.541  31.4
 226/19 28  36.9 22.1 226/19 48  74.1 10.4 19 43  90.0   5.2  1.194   6.2
 226/21  9  37.7 22.1 226/21 38  37.7 10.3 21 23  85.1   6.9  1.156   8.0
 226/22 49  37.0 22.5 226/23 18  36.1 10.6 23  2  86.4   9.4  1.099  10.3
 227/ 8 51  35.7 21.4 227/ 9 21  36.7 10.8  9  7  74.4  10.5  2.002  21.0
 228/ 8 19  37.2 21.4 228/ 8 49  36.6 10.8  8 35  74.4  17.1  1.700  29.0
 229/ 7 46  36.0 21.5 229/ 8 17  36.6 10.7  8  2  74.6  10.7  1.880  20.1
 229/ 9 28  36.3 21.4 229/ 9 57  37.7 10.9  9 43  74.6  14.8  1.839  27.2
 230/ 7 15  40.5 21.3 230/ 7 45  36.4 10.8  7 30  75.1   1.5  2.168   3.3
 230/12 18  36.2 21.6 230/12 48  35.5 11.1 12 33  76.5  12.9  1.655  21.3
 230/13 58  35.0 21.8 230/14 18  73.6 13.3 14 14  79.0   9.1  1.494  13.5
 230/16 31 -37.3 10.3 230/16 51 -76.8 21.9 16 47 -90.0   6.9  1.094   7.6
 230/19  0  37.1 22.1 230/19 20  75.6 10.5 19 16  90.0  28.0  1.058  29.6
 230/20 41  37.8 22.1 230/21  5  55.2 10.3 20 55  87.9  17.5  1.018  17.8
 231/ 0  1  38.5 22.7 231/ 0 30  36.8 10.8  0 14  87.4   6.7  1.176   7.9
 231/ 8 23  36.7 21.4 231/ 8 53  37.3 10.8  8 39  74.4   1.6  2.473   4.0
 231/15  7  37.3 21.9 231/15 25  79.2 14.3 15 23  80.7   1.4  1.464   2.1
 231/20  8  35.0 22.1 231/20 39  36.9 10.3 20 23  84.6   2.1  1.221   2.6
 231/21 49  36.2 22.2 231/22 13  53.8 10.4 22  3  88.3   4.1  1.165   4.7
 232/ 2 53  59.3 22.1 232/ 3 19  37.4 11.0  3  2  83.5   2.3  1.384   3.1
 232/ 4 33  56.5 21.4 232/ 5  0  36.6 10.9  4 43  79.6   3.0  1.429   4.3
 232/ 6 13  50.4 21.1 232/ 6 41  35.8 10.8  6 25  76.5   4.1  1.620   6.6
 232/ 7 50  35.5 21.5 232/ 8 21  37.2 10.8  8  6  74.6  11.6  1.862  21.6
 232/ 9 32  35.8 21.4 232/10  1  38.5 10.9  9 48  74.6   5.9  2.281  13.6
 233/ 9  0  37.3 21.4 233/ 9 29  38.2 10.9  9 15  74.5   2.2  2.556   5.5
 233/14  3  37.8 21.8 233/14 21  76.3 14.1 14 18  79.0   9.2  1.482  13.7
 235/ 7 55  37.7 21.4 235/ 8 25  37.9 10.8  8 11  74.6   2.1  2.504   5.3
 235/12 58  35.0 21.8 235/13 29  37.4 11.2 13 14  77.1   1.9  1.781   3.3
 235/16 19  35.7 22.0 235/16 53  36.1 10.4 16 36  83.7   4.7  1.351   6.4
 235/19 40  35.3 22.1 235/20  6  54.6 10.3 19 56  88.0   8.6  1.153   9.9
 236/ 7 23  39.4 21.4 236/ 7 53  37.8 10.8  7 38  75.0   1.6  2.280   3.5
 236/10 46  37.8 21.5 236/11 14  38.0 11.1 11  1  75.4   6.7  1.979  13.3
 236/12 26  35.3 21.7 236/12 56  37.6 11.2 12 42  76.7   4.5  1.859   8.5
 236/17 28  38.0 22.0 236/18  1  35.1 10.4 17 44  85.6  10.4  1.226  12.8
 236/20 49  36.7 22.1 236/21 19  37.1 10.3 21  3  84.9   2.3  1.216   2.8
 237/ 3 33  58.0 21.8 237/ 4  0  36.3 10.9  3 43  81.9   4.3  1.278   5.5
 237/ 8 31  35.6 21.5 237/ 9  2  35.3 10.8  8 47  74.3   2.5  2.555   6.3
 239/ 9  8  36.3 21.5 239/ 9 38  36.2 10.9  9 24  74.5   2.1  2.563   5.4
 239/19 12  35.5 22.1 239/19 30  84.1 10.9 19 28  90.0   1.1  1.306   1.4
 240/ 8 35  35.1 21.5 240/ 9  6  36.0 10.9  8 51  74.4  28.2  1.499  42.3
 240/13 39  37.0 21.8 240/14 11  36.6 11.1 13 54  77.8   3.9  1.561   6.1
 241/ 9 45  36.9 21.5 241/10 14  37.2 11.0 10  0  74.8   9.1  2.077  19.0
 241/11 26  35.9 21.6 241/11 55  37.6 11.2 11 41  75.9  13.0  1.748  22.7
 241/13  7  37.2 21.8 241/13 38  36.4 11.2 13 22  77.2   9.1  1.606  14.6
 241/18  8  36.6 22.1 241/18 41  35.2 10.4 18 24  85.8  22.2  1.062  23.6
 241/19 49  37.6 22.1 241/20 20  36.3 10.3 20  4  84.9  14.0  1.080  15.1
 241/21 30  38.8 22.2 241/21 53  56.4 10.4 21 44  88.6  12.1  1.046  12.7
 244/19 53  37.0 22.1 244/20 17  59.7 10.3 20  8  88.9   1.6  1.274   2.1
 245/12 39  37.0 21.8 245/13  9  37.4 11.3 12 54  76.9   1.6  1.847   2.9
 245/19 21  37.7 22.1 245/19 48  50.5 10.3 19 37  87.6  14.2  1.090  15.5
 246/ 8 44  36.6 21.5 246/ 9 14  37.4 11.0  8 60  74.5  20.9  1.634  34.1
 246/10 26  37.3 21.6 246/10 55  35.8 11.1 10 41  75.2   3.7  2.206   8.2
 246/15 28  38.1 22.0 246/16  2  35.3 10.6 15 44  81.5   6.1  1.384   8.4
 246/17  8  36.8 22.1 246/17 28  79.4 12.0 17 25  85.2   3.5  1.320   4.7
 247/ 9 53  35.8 21.6 247/10 23  35.1 11.0 10  9  74.8   6.3  2.254  14.3
 247/19 57  36.4 22.1 247/20 28  37.2 10.3 20 12  84.9  14.4  1.067  15.4
 248/ 9 21  37.2 21.5 248/ 9 50  38.4 11.1  9 36  74.6   1.7  2.461   4.2
 251/11  6  35.2 21.7 251/11 35  38.7 11.3 11 22  75.7   1.9  2.051   4.0
 251/12 47  36.0 21.9 251/13 18  36.1 11.3 13  3  76.9   3.1  1.767   5.5
 251/17 48  35.5 22.1 251/18 21  37.5 10.4 18  5  86.0   9.6  1.217  11.7
 251/19 29  36.6 22.1 251/20  1  35.3 10.4 19 45  84.9   6.2  1.181   7.3
 252/ 3 54  58.3 21.6 252/ 4 21  36.5 10.9  4  4  81.1  15.0  1.167  17.5
 256/10  6  36.8 21.7 256/10 35  37.3 11.2 10 21  75.0   2.3  2.520   5.8
 256/11 47  36.3 21.8 256/12 16  38.5 11.4 12  2  76.2   4.6  2.027   9.4
 257/ 2 53  55.3 22.1 257/ 3 21  35.9 10.9  3  4  83.5  17.9  1.113  19.9
 266/ 4 46  53.7 21.6 266/ 5 14  36.6 11.1  4 57  79.2   3.9  1.373   5.3
 270/ 4 12  36.3 22.1 270/ 4 46  36.5 11.0  4 29  80.1   5.0  1.329   6.6
 272/ 3 15  59.0 21.8 272/ 3 42  35.2 10.9  3 25  82.6  67.7  0.933  63.2
 273/ 1 46 -37.6 10.2 273/ 2 17 -37.5 22.5  2  0 -81.4   3.3  1.150   3.8
 274/ 4 35 -37.7 10.0 274/ 5  6 -36.7 23.6  4 50 -73.0  10.0  0.962   9.6
 277/ 3 54  54.2 21.8 277/ 4 22  36.7 11.0  4  5  81.1   5.4  1.295   7.0
 279/ 1 54 -36.9 10.2 279/ 2 26 -35.3 22.5  2  8 -81.1   2.0  1.184   2.4
 279/ 3 34 -35.4 10.0 279/ 4  6 -35.2 23.2  3 49 -76.1   2.2  1.108   2.5
 281/ 0 50 -37.3 10.4 281/ 1 23 -35.4 22.3  1  4 -82.8   7.1  1.044   7.4
 281/ 2 30 -36.3 10.1 281/ 3  1 -37.7 22.7  2 45 -79.5   5.1  1.010   5.1
 282/ 3 38 -35.1 10.0 282/ 4 10 -35.6 23.2  3 53 -75.9  13.5  0.883  11.9
 283/ 1 26 -36.9 10.3 283/ 1 58 -36.7 22.4  1 40 -82.0   9.1  0.974   8.9
 283/ 3  6 -35.6 10.0 283/ 3 38 -35.2 23.0  3 21 -77.6  12.3  0.884  10.9
 284/ 0 54 -37.0 10.4 284/ 1 27 -35.6 22.3  1  8 -82.8  24.9  0.923  23.0
 284/ 4 15 -37.4 10.0 284/ 4 46 -37.1 23.5  4 30 -74.1  54.5  0.925  50.4
 286/ 1 30 -36.6 10.2 286/ 2  2 -36.9 22.4  1 45 -82.0  32.2  0.872  28.1
 286/ 4  1  37.2 22.1 286/ 4 34  37.7 11.1  4 18  80.5  11.2  1.233  13.8
 287/ 0 58 -36.7 10.4 287/ 1 31 -35.7 22.3  1 13 -82.7   3.2  1.180   3.7
 287/ 3 34  53.1 21.9 287/ 4  2  37.0 11.0  3 45  81.9   1.5  1.447   2.2
 289/ 1 34 -36.3 10.2 289/ 2  6 -37.2 22.4  1 49 -81.8   4.6  1.091   5.0
 289/ 4 55 -35.9 10.2 289/ 5 27 -37.0 23.8  5 10 -72.1   2.3  1.229   2.9
 290/ 1  2 -36.5 10.3 290/ 1 35 -35.9 22.3  1 17 -82.6   2.9  1.200   3.5
 290/ 2 42 -35.4 10.0 290/ 3 14 -36.1 22.8  2 57 -78.9   1.8  1.192   2.2
 290/ 4 23 -36.8 10.1 290/ 4 55 -35.6 23.5  4 38 -73.7   1.2  1.154   1.4
 291/ 3 51 -37.5 10.0 291/ 4 22 -37.2 23.4  4  6 -75.4  12.8  0.901  11.5
 291/ 5 32 -37.8 10.2 291/ 6  4 -36.6 23.8  5 47 -70.7  11.8  1.006  11.9
 292/ 1 38 -36.1 10.2 292/ 2 10 -37.4 22.4  1 53 -81.7   6.4  1.032   6.6
 292/ 3 19 -38.2  9.9 292/ 3 50 -36.6 23.1  3 33 -77.1   2.9  1.066   3.0
 292/ 4 59 -35.6 10.2 292/ 5 32 -35.1 23.7  5 15 -72.0   3.1  1.180   3.6
 292/ 6 40 -35.9 10.3 292/ 7 14 -35.4 23.8  6 57 -68.6   8.4  1.318  11.1
 293/ 1  6 -36.3 10.3 293/ 1 39 -36.1 22.3  1 21 -82.6  18.1  0.937  17.0
 293/ 6  8 -36.6 10.3 293/ 6 41 -36.3 23.9  6 24 -69.5  10.2  1.093  11.1
 294/ 0 34 -36.3 10.4 294/ 1  8 -35.2 22.3  0 49 -83.0   9.2  1.031   9.5
 294/ 2 14 -35.6 10.1 294/ 2 46 -36.8 22.6  2 29 -80.3   8.3  0.948   7.9
 294/ 4 46  37.1 22.1 294/ 5 19  35.9 11.2  5  3  78.9  14.9  1.227  18.3
 294/ 5 36 -37.5 10.2 294/ 6  8 -37.2 23.9  5 51 -70.6   9.3  1.052   9.8
 294/22 23 -37.9 10.8 294/22 58 -36.4 22.5 22 38 -82.2   1.9  1.329   2.6
 295/ 1 42 -35.9 10.2 295/ 2 14 -37.6 22.4  1 57 -81.6   4.0  1.116   4.5
 295/ 3 23 -37.9  9.9 295/ 3 54 -37.1 23.1  3 37 -76.9  21.2  0.846  17.9
 295/21 51 -37.1 10.8 295/22 26 -37.3 22.5 22  6 -81.6   6.5  1.253   8.1
 296/ 1 10 -36.1 10.3 296/ 1 43 -36.2 22.3  1 25 -82.5   3.8  1.139   4.3
 296/ 4 31 -36.2 10.1 296/ 5  3 -36.7 23.6  4 46 -73.3   2.4  1.092   2.7
 296/ 6 12 -36.4 10.3 296/ 6 45 -36.9 23.9  6 28 -69.4   1.9  2.024   3.9
 297/ 1 36  57.5 22.4 297/ 2  1  37.8 10.8  1 45  86.2  16.4  1.091  17.9
 297/ 2 18 -35.3 10.0 297/ 2 50 -37.1 22.6  2 33 -80.1  14.8  0.890  13.1
 297/22 27 -37.8 10.8 297/23  2 -36.6 22.5 22 42 -82.3   2.7  1.287   3.5
 298/ 1 46 -35.6 10.1 298/ 2 19 -35.1 22.4  2  1 -81.5  15.6  0.911  14.2
 299/ 5 27  37.2 22.2 299/ 5 59  37.2 11.3  5 43  77.5  10.4  1.392  14.5
 299/ 6 16 -36.1 10.3 299/ 6 49 -37.4 24.0  6 32 -69.3   5.7  1.333   7.6
 300/ 0 42 -36.0 10.4 300/ 1 16 -35.4 22.3  0 57 -82.8  16.6  0.964  16.0
 300/ 2 22 -35.1 10.0 300/ 2 54 -37.4 22.6  2 37 -79.9  32.3  0.824  26.6
 300/ 3 15  42.5 22.1 300/ 3 46  37.4 10.9  3 30  82.1  46.6  1.004  46.8
 300/ 4  3 -36.7 10.0 300/ 4 35 -36.0 23.4  4 18 -74.8  49.2  0.916  45.1
 300/ 4 56  42.0 22.0 300/ 5 27  36.4 11.3  5 11  78.7  29.1  1.116  32.5
 300/ 5 44 -36.9 10.3 300/ 6 17 -35.8 23.9  5 60 -70.3  49.2  1.002  49.3
 301/ 1 50 -35.4 10.1 301/ 2 23 -35.4 22.4  2  5 -81.3  22.5  0.874  19.7
 301/ 2 46  51.8 22.1 301/ 3 14  36.6 10.8  2 58  83.6  15.7  1.138  17.9
 301/ 4 26  49.6 21.8 301/ 4 55  35.7 11.1  4 38  79.9   4.5  1.344   6.1
 302/ 1 18 -35.7 10.2 302/ 1 51 -36.6 22.3  1 33 -82.3  10.0  0.968   9.6
 302/ 2 59 -37.9  9.9 302/ 3 30 -37.5 22.9  3 14 -78.3  25.2  0.841  21.2
 302/ 4 39 -35.6 10.2 302/ 5 12 -35.2 23.6  4 55 -72.9  10.3  0.967  10.0
 303/ 0 46 -35.8 10.4 303/ 1 20 -35.5 22.3  1  1 -82.8  15.3  0.967  14.7
 303/ 2 27 -38.3  9.9 303/ 2 58 -37.7 22.6  2 41 -80.0   4.7  1.028   4.9
 303/ 3 20  45.3 22.0 303/ 3 50  37.6 10.9  3 34  82.0   2.1  1.390   3.0
 303/ 4  7 -36.4 10.0 303/ 4 39 -36.5 23.5  4 22 -74.6   2.5  1.102   2.8
 303/ 5 48 -36.7 10.3 303/ 6 21 -36.3 23.9  6  4 -70.2   3.2  1.433   4.6
 303/22 35 -37.6 10.8 303/23 10 -36.9 22.5 22 50 -82.4   4.3  1.224   5.2
 304/ 1 54 -35.2 10.1 304/ 2 27 -35.6 22.4  2  9 -81.1   6.6  1.005   6.6
 304/ 3 35 -37.1  9.9 304/ 4  7 -35.5 23.2  3 50 -76.3   9.2  0.917   8.4
 304/ 5 16 -37.6 10.2 304/ 5 48 -37.2 23.9  5 31 -71.4   6.6  1.092   7.2
 304/ 6  8  37.4 22.2 304/ 6 40  35.0 11.4  6 24  76.3   4.0  1.610   6.5
 305/ 1 22 -35.5 10.2 305/ 1 55 -36.8 22.3  1 37 -82.1   6.6  1.028   6.8
 305/ 3 56  44.2 22.0 305/ 4 27  35.3 11.0  4 10  80.7  14.9  1.174  17.5
 305/ 4 43 -35.3 10.2 305/ 5 16 -35.7 23.7  4 59 -72.8  22.4  0.917  20.5
 305/ 5 35  36.1 22.2 305/ 6  7  37.6 11.4  5 52  77.3  10.1  1.410  14.3
 306/ 0 50 -35.6 10.3 306/ 1 24 -35.6 22.3  1  5 -82.7   9.4  1.010   9.5
 306/ 2 31 -38.1  9.9 306/ 3  3 -35.2 22.6  2 45 -79.7   4.3  1.046   4.5
 306/ 7 33 -37.2 10.4 306/ 8  7 -37.1 23.9  7 50 -67.9   0.9  3.832   3.6
 307/ 0 18 -35.5 10.5 307/ 0 52 -37.3 22.3  0 33 -82.9   2.4  1.227   2.9
 307/ 5 20 -37.3 10.2 307/ 5 53 -35.2 23.8  5 35 -71.2   3.2  1.269   4.0
 307/ 6 15  45.8 21.8 307/ 6 44  35.3 11.4  6 28  76.3   1.8  1.805   3.3
 307/ 7  1 -37.7 10.4 307/ 7 35 -35.5 23.8  7 18 -68.3   1.1  3.604   4.0
 308/ 0 45  58.2 22.6 308/ 1  9  37.2 10.8  0 54  88.2   7.3  1.178   8.6
 308/ 1 26 -35.3 10.2 308/ 1 59 -36.9 22.3  1 41 -82.0   6.5  1.031   6.7
 308/ 2 22  50.7 22.2 308/ 2 50  36.3 10.7  2 34  84.3   4.4  1.281   5.6
 308/ 3  7 -37.4  9.9 308/ 3 39 -35.5 22.9  3 22 -77.8   3.8  1.036   3.9
 308/ 4  1  46.9 21.9 308/ 4 31  35.5 11.0  4 14  80.7   4.6  1.306   6.0
 308/ 4 47 -35.1 10.2 308/ 5 20 -36.1 23.7  5  3 -72.6  23.9  0.928  22.2
 308/ 5 39  35.6 22.2 308/ 6 11  37.9 11.4  5 56  77.1   6.9  1.509  10.4
 308/ 6 28 -35.3 10.4 308/ 7  2 -36.4 23.9  6 45 -69.1  20.9  1.030  21.6
 308/21 35 -35.9 10.8 308/22 11 -36.3 22.6 21 51 -81.3   4.7  1.286   6.1
 309/ 0 54 -35.4 10.3 309/ 1 28 -35.7 22.2  1  9 -82.6   4.5  1.114   5.0
 309/ 2 35 -37.8  9.9 309/ 3  7 -35.5 22.6  2 50 -79.5   3.4  1.079   3.6
 309/ 3 29  47.7 21.9 309/ 3 58  38.1 10.9  3 42  81.8   4.4  1.279   5.6
 309/ 4 15 -35.9 10.1 309/ 4 47 -37.4 23.6  4 31 -74.2  12.7  0.916  11.7
 309/ 5 56 -36.1 10.3 309/ 6 29 -37.3 24.0  6 12 -70.0   3.6  1.396   5.1
 309/ 6 49  37.5 22.1 309/ 7 20  36.0 11.4  7  5  75.4   1.4  2.041   2.9
 309/ 7 37 -37.0 10.4 309/ 8 11 -37.6 23.9  7 55 -67.9   1.5  3.134   4.8
 309/22 43 -37.4 10.8 309/23 18 -37.1 22.4 22 58 -82.4   2.7  1.263   3.3
 310/ 0 22 -35.4 10.5 310/ 0 56 -37.3 22.2  0 37 -82.9   4.2  1.149   4.8
 310/ 1 19  51.9 22.5 310/ 1 45  38.0 10.7  1 30  86.5   3.4  1.263   4.3
 310/ 2  3 -38.2 10.0 310/ 2 35 -36.0 22.4  2 17 -81.0   3.7  1.106   4.1
 310/ 2 57  47.8 22.0 310/ 3 26  37.3 10.8  3 10  82.9   2.3  1.393   3.2
 310/ 3 43 -36.6  9.9 310/ 4 15 -36.4 23.2  3 58 -75.9  10.6  0.918   9.7
 310/ 5 24 -37.0 10.2 310/ 5 57 -35.7 23.8  5 40 -71.1  45.1  0.991  44.7
 310/20 32 -37.7 10.8 310/21  7 -36.6 22.7 20 47 -81.0  18.1  1.150  20.8
 310/22 11 -36.6 10.8 310/22 47 -35.8 22.5 22 26 -81.8   8.5  1.218  10.3
 311/ 1 30 -35.1 10.2 311/ 2  3 -37.0 22.3  1 45 -81.8  61.3  0.803  49.2
 311/ 3 11 -37.1  9.9 311/ 3 43 -35.8 22.9  3 26 -77.6  51.6  0.887  45.8
 311/ 4 52 -38.0 10.1 311/ 5 24 -36.6 23.8  5  7 -72.5 117.8  1.031 121.4
 311/ 5 43  35.1 22.2 311/ 6 15  38.1 11.4  5 60  77.0 105.5  0.998 105.3
 311/ 6 32 -35.1 10.4 311/ 7  6 -36.9 24.0  6 49 -69.0  35.8  1.043  37.3
 311/ 7 25  35.4 22.2 311/ 7 56  36.6 11.4  7 41  74.7  18.5  1.560  28.9
 312/ 0 17  57.0 22.7 312/ 0 41  36.9 10.8  0 26  88.7   3.4  1.200   4.1
 312/ 0 58 -35.2 10.3 312/ 1 32 -35.7 22.2  1 13 -82.5   5.4  1.084   5.8
 312/ 2 39 -37.6  9.9 312/ 3 11 -35.8 22.6  2 54 -79.3   2.4  1.148   2.7
 312/ 6  0 -35.8 10.4 312/ 6 34 -35.3 23.9  6 16 -69.8   1.1  2.206   2.4
 312/ 6 55  42.9 21.9 312/ 7 24  36.3 11.4  7  9  75.4   1.0  2.095   2.0
 313/ 0 26 -35.2 10.4 313/ 1  0 -37.4 22.2  0 42 -82.8   3.3  1.183   4.0
 313/ 2  7 -37.9 10.0 313/ 2 39 -36.2 22.4  2 22 -80.8   3.2  1.134   3.6
 313/ 3  1  47.5 22.0 313/ 3 30  37.6 10.8  3 14  82.9   8.5  1.241  10.5
 313/ 3 47 -36.3  9.9 313/ 4 19 -36.8 23.3  4  2 -75.6   6.5  0.989   6.5
 313/ 5 28 -36.7 10.2 313/ 6  1 -36.1 23.9  5 44 -70.9   6.8  1.097   7.5
 313/ 6 20  35.9 22.2 313/ 6 52  35.8 11.4  6 36  75.9   5.1  1.724   8.8
 313/ 7  9 -37.2 10.4 313/ 7 43 -36.4 23.9  7 26 -68.3   5.8  1.708  10.0
 314/ 0  0 -55.9 10.5 314/ 0 29 -36.6 22.3  0 10 -85.9  22.0  0.971  21.4
 314/ 1 35 -38.2 10.1 314/ 2  7 -37.1 22.3  1 50 -82.1  17.5  0.923  16.1
 314/ 2 28  43.8 22.2 314/ 2 58  36.8 10.7  2 42  83.7  12.0  1.187  14.3
 314/ 3 15 -36.8  9.9 314/ 3 47 -36.2 22.9  3 30 -77.4  38.9  0.851  33.1
 314/ 4  9  46.1 21.9 314/ 4 39  36.0 11.0  4 22  80.4  22.0  1.120  24.6
 314/ 4 56 -37.6 10.1 314/ 5 28 -37.0 23.8  5 11 -72.3  18.3  0.952  17.4
 314/ 5 48  37.6 22.2 314/ 6 20  35.1 11.4  6  4  76.9  18.7  1.288  24.0
 314/ 6 37 -37.8 10.3 314/ 7 10 -37.3 24.0  6 53 -68.9  23.4  1.053  24.6
 315/ 1  2 -35.0 10.3 315/ 1 36 -35.8 22.2  1 18 -82.4   5.7  1.071   6.1
 315/ 1 57  46.1 22.4 315/ 2 26  36.1 10.6  2 10  84.8   3.5  1.289   4.5
 315/ 2 43 -37.3  9.9 315/ 3 15 -36.0 22.7  2 58 -79.1   3.5  1.064   3.7
 315/ 3 36  43.9 22.0 315/ 4  7  35.3 10.9  3 50  81.4   2.8  1.349   3.7
 315/ 4 23 -35.3 10.1 315/ 4 56 -35.6 23.5  4 39 -73.7  32.0  0.906  28.9
 315/ 5 16  39.4 22.1 315/ 5 47  37.6 11.3  5 31  77.9   4.6  1.494   6.9
 315/ 6  4 -35.5 10.4 315/ 6 38 -35.7 23.9  6 20 -69.7  18.0  1.000  18.0
 315/ 6 57  36.6 22.2 315/ 7 28  36.5 11.4  7 13  75.2   9.7  1.675  16.2
 316/ 0 30 -35.0 10.4 316/ 1  4 -37.4 22.2  0 46 -82.7   3.5  1.170   4.0
 316/ 2 11 -37.7  9.9 316/ 2 43 -36.4 22.4  2 26 -80.7  16.7  0.884  14.8
 316/ 3 51 -36.0  9.9 316/ 4 23 -37.1 23.3  4  7 -75.4   5.9  1.011   5.9
 316/ 5 32 -36.4 10.3 316/ 6  5 -36.5 23.9  5 48 -70.8   5.5  1.149   6.3
 316/ 6 27  44.4 21.9 316/ 6 56  36.0 11.4  6 40  76.0  16.4  1.412  23.2
 316/ 7 13 -37.0 10.4 316/ 7 47 -36.8 23.9  7 30 -68.2   6.8  1.616  10.9
 316/20 40 -37.4 10.8 316/21 15 -37.1 22.6 20 55 -80.9   2.2  1.427   3.2
 316/22 19 -36.4 10.8 316/22 55 -35.9 22.5 22 34 -81.8   2.0  1.332   2.6
 317/ 0  0 -41.5 10.5 317/ 0 33 -36.6 22.2  0 14 -83.9   2.0  1.227   2.5
 317/ 1 39 -38.0 10.1 317/ 2 11 -37.2 22.3  1 54 -81.9   3.8  1.143   4.3
 317/ 3 19 -36.6  9.9 317/ 3 51 -36.5 23.0  3 34 -77.1   3.4  1.033   3.5
 317/ 5  0 -37.3 10.1 317/ 5 32 -37.4 23.8  5 15 -72.2   9.9  1.015  10.0
 317/ 5 52  37.2 22.2 317/ 6 24  35.3 11.4  6  8  76.7   1.2  1.765   2.1
 317/ 7 34  37.4 22.1 317/ 8  4  37.0 11.5  7 50  74.7   2.0  2.467   5.0
 317/20  8 -36.6 10.8 317/20 43 -36.9 22.7 20 24 -80.7   2.2  1.438   3.2
 317/21 47 -35.6 10.8 317/22 23 -36.7 22.5 22  3 -81.3   2.4  1.348   3.3
 318/ 1  7 -38.1 10.2 318/ 1 40 -35.8 22.2  1 22 -82.8   9.2  0.986   9.0
 318/ 1 58  35.9 22.4 318/ 2 30  36.3 10.6  2 14  83.8   4.2  1.266   5.3
 318/ 2 47 -37.0  9.9 318/ 3 19 -36.3 22.7  3  2 -78.8   3.8  1.046   4.0
 318/ 4 27 -35.0 10.1 318/ 5  0 -36.0 23.6  4 43 -73.5   3.5  1.048   3.6
 318/ 6  8 -35.2 10.4 318/ 6 42 -36.1 23.9  6 25 -69.6   4.7  1.401   6.6
 318/ 7  1  36.2 22.2 318/ 7 32  36.7 11.4  7 17  75.1   6.2  1.817  11.3
 318/ 7 49 -36.3 10.5 318/ 8 24 -36.2 23.8  8  7 -67.9  20.1  1.098  22.1
 318/ 8 43  36.5 22.1 318/ 9 12  37.8 11.5  8 59  74.4   5.7  2.289  13.0
