1                       ***** SUMMARY LISTING *****
    SATELLITE ID       12            START OF FILE  2002   1/ 1 16  0
0+-------START-------++--------END--------++---PEAK---++----GIGAWATTS---+
 GMT       CMLAT MLT  GMT       CMLAT MLT  GMT   CMLAT MEAS  CORR   POWER
   1/ 1 16 -36.0  6.6   1/ 1 49 -35.3 19.8  1 32 -74.1  36.4  0.737  26.8
   1/ 3 51  36.1 18.2   1/ 4 23  37.9  7.5  4  8  75.4  14.0  2.976  41.6
   1/12 24  37.9 19.2   1/12 58  35.9  7.8 12 40  81.0  10.2  1.337  13.7
   1/14  5  35.7 19.1   1/14 39  35.9  7.4 14 22  84.8   8.4  1.160   9.8
   1/17 29  35.6 19.0   1/18  0  36.8  7.3 17 44  83.6   1.7  0.939   1.6
   1/19 11  36.1 19.2   1/19 41  35.9  7.4 19 25  85.2  21.1  0.986  20.8
   1/22 32  38.0 19.6   1/23  4  35.7  7.8 22 47  84.8  37.5  1.121  42.0
   2/ 3 37  35.2 18.2   2/ 4 10  36.4  7.4  3 54  75.6   5.6  2.768  15.6
   2/ 7  4  36.5 18.9   2/ 7 33  38.1  8.4  7 20  74.9   1.3  2.539   3.4
   2/12 10  36.3 19.2   2/12 44  37.1  7.9 12 27  80.5   6.5  1.246   8.1
   2/17 16  37.5 19.0   2/17 47  35.8  7.3 17 31  84.3  11.2  1.013  11.4
   2/18 58  37.8 19.2   2/19 27  37.8  7.3 19 12  85.4   6.4  0.988   6.3
   2/22 18  35.2 19.7   2/22 50  37.2  7.8 22 34  84.9   8.3  1.077   8.9
   2/23  7 -35.5  7.1   2/23 23 -81.3  0.5 23 22 -81.7  29.8  0.772  23.0
   3/ 0  3  50.7 19.0   3/ 0 32  37.5  7.7  0 15  82.9   8.9  1.237  11.0
   3/ 8 33  36.4 19.1   3/ 9  2  37.9  8.6  8 48  76.0   3.7  2.774  10.2
   4/20 12  36.5 19.4   4/20 42  35.3  7.5 20 26  86.5  28.6  0.989  28.3
   5/18 17  35.7 19.1   5/18 47  37.6  7.2 18 32  84.7   1.6  0.931   1.5
   6/18  4  37.6 19.0   6/18 34  36.6  7.2 18 18  84.7   1.9  0.929   1.8
   7/17 50  35.9 19.0   7/18 21  35.6  7.2 18  5  84.3   8.3  0.998   8.3
   8/17 37  37.8 19.0   8/18  7  37.4  7.2 17 52  84.6   7.8  1.007   7.8
   8/19 18  35.0 19.2   8/19 48  36.5  7.3 19 32  85.3  15.7  0.977  15.3
   9/17 23  36.3 19.0   9/17 54  36.4  7.2 17 38  84.4   3.8  1.019   3.9
   9/19  5  36.7 19.1   9/19 35  35.4  7.3 19 19  85.2   6.5  0.981   6.4
  10/17 10  38.2 18.9  10/17 41  35.3  7.2 17 25  84.5  25.2  1.016  25.6
  10/18 52  38.6 19.1  10/19 21  37.2  7.2 19  6  85.4  16.9  0.987  16.7
  11/18 38  36.5 19.1  11/19  8  36.2  7.2 18 52  84.8  12.7  0.969  12.3
  11/20 19  35.6 19.4  11/20 49  35.9  7.5 20 33  86.4  62.6  1.048  65.6
  12/18 25  38.4 19.0  12/18 55  35.2  7.2 18 39  84.8  10.9  0.987  10.8
  12/20  6  37.2 19.3  12/20 35  37.6  7.4 20 20  85.6  82.5  1.063  87.7
  13/18 11  36.6 19.0  13/18 41  37.1  7.2 18 25  84.7   5.6  0.993   5.6
  13/19 53  38.8 19.3  13/20 22  36.4  7.4 20  6  86.2  31.2  0.979  30.5
  14/17 58  38.5 19.0  14/18 28  36.0  7.2 18 12  84.7  44.3  0.994  44.0
  14/19 39  36.2 19.2  14/20  9  35.2  7.3 19 53  85.7   8.3  0.990   8.2
  15/19 26  38.1 19.2  15/19 55  36.9  7.3 19 40  85.8  71.3  1.036  73.8
  16/17 30  35.3 18.9  16/18  1  36.8  7.1 17 45  84.3   2.0  0.935   1.9
  16/19 12  35.9 19.1  16/19 42  35.8  7.2 19 26  85.2   0.9  0.924   0.9
  18/18 45  35.7 19.0  18/19 15  36.5  7.2 18 59  84.9   2.8  0.980   2.7
  18/20 26  35.2 19.3  18/20 56  36.4  7.4 20 40  86.3   2.5  0.956   2.3
  19/18 32  37.7 19.0  19/19  2  35.5  7.2 18 46  84.7  42.2  0.986  41.6
  19/20 13  36.6 19.3  19/20 43  35.1  7.4 20 27  85.9  38.3  0.992  38.0
  20/18 18  35.8 19.0  20/18 48  37.3  7.1 18 33  84.7  51.6  1.004  51.9
  21/19 46  35.8 19.2  21/20 16  35.5  7.3 20  0  85.0 148.1  1.044 154.5
  22/19 33  37.5 19.1  22/20  2  37.2  7.2 19 47  86.0  33.2  0.967  32.1
  24/17 24  36.6 18.9  24/17 55  35.9  7.1 17 39  84.2   4.4  1.011   4.5
  27/20  7  38.0 19.2  27/20 36  36.9  7.3 20 20  86.5   1.3  0.918   1.2
  32/17 17  35.0 18.8  32/17 48  37.6  7.0 17 33  84.4  39.4  1.018  40.1
  32/18 59  35.1 19.0  32/19 29  36.5  7.1 19 13  85.1  10.5  0.973  10.2
  33/18 46  37.2 19.0  33/19 16  35.4  7.1 18 60  85.0  17.6  0.989  17.4
  33/20 27  36.9 19.3  33/20 57  35.2  7.3 20 41  86.3  15.8  0.992  15.7
  36/18  5  35.9 18.9  36/18 35  37.7  7.0 18 20  84.7   2.9  0.987   2.8
  38/17 38  36.5 18.8  38/18  9  35.4  7.0 17 53  84.3  22.2  0.999  22.2
  38/18 26 -36.1  7.2  38/19  2 -36.8 19.0 18 42 -81.0  15.9  1.157  18.4
  40/17 11  37.2 18.8  40/17 42  35.9  7.0 17 26  84.4  20.5  1.018  20.9
  40/18 53  37.5 19.0  40/19 22  37.8  7.1 19  7  85.5  34.0  0.973  33.1
  40/19 40 -36.7  7.2  40/20 16 -35.7 18.9 19 55 -82.2   8.7  1.068   9.3
  41/18 39  35.8 18.9  41/19  9  36.6  7.1 18 53  84.9   3.6  1.010   3.7
  41/19 27 -38.0  7.2  41/20  2 -37.4 18.9 19 42 -82.1   7.3  1.074   7.8
  42/18 26  37.9 18.9  42/18 56  35.4  7.1 18 40  84.8 150.3  1.050 157.9
  42/20  7  36.7 19.2  42/20 37  35.0  7.3 20 21  86.2  73.8  1.069  78.9
  45/17 45  36.9 18.8  45/18 15  37.7  7.0 17 60  84.7   1.9  0.925   1.8
  46/18 20 -38.1  7.3  46/18 56 -35.0 19.0 18 35 -81.2   1.9  0.963   1.8
  47/17 18  37.7 18.8  47/17 42  57.7  6.9 17 33  88.4   9.3  1.012   9.4
  47/18  6 -36.2  7.3  47/18 42 -36.4 19.0 18 22 -80.8  21.6  1.189  25.7
  49/20 14  37.9 19.2  49/20 43  37.3  7.3 20 28  89.1  46.8  0.999  46.7
  54/17 25  38.4 18.8  54/17 55  37.3  7.0 17 39  84.7   2.5  0.968   2.5
  57/19 13 -36.1  7.2  57/19 49 -36.5 18.9 19 29 -81.6  18.9  1.122  21.2
  59/18 46 -35.6  7.2  59/19 22 -37.0 19.0 19  2 -81.1   3.2  1.054   3.4
  66/18 53 -37.1  7.3  66/19 29 -35.8 19.0 19  8 -81.4   1.4  0.959   1.3
  68/18 26 -36.7  7.3  68/19  2 -36.0 19.0 18 42 -81.1  17.0  1.149  19.5
  93/19 38 -36.6  8.5  93/20 14 -36.3 20.3 19 54 -81.3  11.8  1.269  14.9
 113/18 23 -36.3  7.5 113/18 59 -36.3 19.3 18 39 -81.1  35.5  1.257  44.7
