The tape recorder fails towards the end of DMSP missions.  F11 and F12
show these effects in 2000.  Cut F11 off after day 53 (Feb 22) so days 54-137
are missing.  Cut F12 off after day 324 (Nov 19) so days 325-366 are missing.
Days Oct 12-Nov 19 (days 286-324) still show some large and small F12 values,
so cut F12 off after day 285.  F12 all bad in 2001 and 2002.
1                       ***** SUMMARY LISTING *****
    SATELLITE ID DMSP F11            START OF FILE  2000  13/21 41  0
0+-------START-------++--------END--------++---PEAK---++----GIGAWATTS---+
 GMT       CMLAT MLT  GMT       CMLAT MLT  GMT   CMLAT MEAS  CORR   POWER
  13/21 41 -36.4  7.3  13/22 15 -36.6 19.3 21 56 -82.6  14.1  0.937  13.2
  13/22 34  38.3 19.6  13/23  6  35.0  7.8 22 49  84.7  10.9  1.100  12.0
  14/ 0 18  50.0 19.0  14/ 0 48  35.2  7.6  0 30  82.2  32.3  1.307  42.2
  14/ 1  4 -35.3  6.8  14/ 1 37 -35.6 19.8  1 20 -74.8 109.4  0.655  71.7
  14/ 1 56  36.6 18.4  14/ 2 30  35.4  7.3  2 13  78.4  75.5  1.881 142.0
  14/ 2 47 -37.6  6.2  14/ 3 20 -36.1 19.8  3  3 -70.3  14.0  0.960  13.4
  14/ 3 39  35.9 18.2  14/ 4 12  35.4  7.4  3 56  75.4  17.8  2.971  52.8
  14/ 4 29 -37.4  6.5  14/ 5  3 -37.2 20.2  4 46 -67.9  15.4  1.145  17.6
  14/ 6 11 -37.1  6.9  14/ 6 47 -35.3 20.4  6 31 -67.9  14.1  1.154  16.3
  14/ 7  6  37.4 18.8  14/ 7 35  36.6  8.4  7 21  74.6  10.9  3.910  42.7
  14/ 7 54 -36.2  6.9  14/ 8 30 -36.0 20.3  8 15 -70.5   4.3  1.136   4.9
  14/ 8 48  35.8 19.1  14/ 9 17  38.6  8.7  9  3  75.8   4.4  2.731  12.1
  14/ 9 39 -36.1  6.7  14/10 13 -35.5 20.0  9 58 -75.3   5.4  1.004   5.4
  14/11 23 -37.2  7.0  14/11 55 -36.1 19.8 11 40 -81.5   9.9  0.888   8.8
  14/12 12  37.5 19.2  14/12 46  35.8  7.9 12 28  80.1  12.6  1.445  18.2
  14/13  4 -36.1  7.4  14/13 37 -35.8 19.6 13 21 -84.7  11.2  0.931  10.4
  14/13 53  35.3 19.1  14/14 27  36.7  7.4 14 10  84.3  18.9  1.246  23.5
  14/14 45 -37.4  7.5  14/15 18 -37.3 19.4 15  1 -83.3  11.7  1.053  12.3
  14/16 25 -35.9  7.5  14/17  0 -36.4 19.4 16 42 -81.0  34.8  1.244  43.3
  14/18  6 -37.2  7.5  14/18 42 -35.5 19.3 18 22 -81.0   9.0  1.162  10.5
  14/18 59  35.8 19.2  14/19 29  36.3  7.3 19 13  85.0   9.0  0.991   8.9
  14/19 46 -35.2  7.4  14/20 14 -54.9 19.0 20  2 -83.4  20.9  1.103  23.0
  14/21 27 -35.7  7.3  14/22  2 -35.4 19.2 21 43 -82.5  44.7  0.931  41.6
  14/22 20  36.7 19.7  14/22 52  35.3  7.8 22 35  84.9  22.1  1.087  24.1
  15/ 0 51 -38.1  6.7  15/ 1 23 -35.7 19.8  1  6 -75.6  13.3  0.854  11.4
  15/ 1 42  36.7 18.5  15/ 2 16  35.7  7.4  1 59  78.9  44.6  1.800  80.2
  15/ 2 33 -37.4  6.3  15/ 3  6 -35.9 19.8  2 49 -70.8  20.5  0.871  17.8
  15/ 3 25  36.1 18.1  15/ 3 58  35.8  7.4  3 42  75.7  25.9  2.890  74.9
  15/ 4 15 -37.0  6.4  15/ 4 49 -37.0 20.1  4 32 -68.1   5.4  1.561   8.4
  15/ 5  8  35.5 18.5  15/ 5 39  38.1  8.0  5 25  74.3  18.7  4.402  82.4
  15/ 5 57 -37.1  6.9  15/ 6 33 -35.1 20.4  6 16 -67.7  15.6  1.123  17.5
  15/ 6 55  45.9 18.5  15/ 7 21  37.0  8.4  7  7  74.9  11.2  3.992  44.6
  15/ 7 40 -36.6  6.9  15/ 8 16 -35.8 20.3  8  1 -70.0  15.7  0.863  13.5
  15/ 8 34  35.6 19.0  15/ 9  3  38.6  8.7  8 50  75.6   7.5  2.906  21.7
  15/ 9 25 -36.7  6.6  15/ 9 59 -35.6 20.1  9 44 -74.6  10.0  0.910   9.1
  15/10 16  35.9 19.2  15/10 48  35.2  8.5 10 32  76.9   9.5  2.088  19.9
  15/11  9 -37.1  6.9  15/11 41 -36.4 19.8 11 26 -80.7  24.3  0.778  18.9
  15/12 50 -35.3  7.4  15/13 23 -36.2 19.6 13  7 -84.6   7.2  0.939   6.8
  15/13 40  37.9 19.1  15/14 13  37.5  7.5 13 57  83.9  26.4  1.300  34.3
  15/14 31 -36.5  7.5  15/15  4 -37.9 19.4 14 48 -83.6   6.4  1.041   6.7
  15/15 21  35.6 19.0  15/15 54  36.4  7.3 15 38  85.4  16.3  1.125  18.3
  15/16 11 -35.0  7.5  15/16 46 -36.7 19.4 16 28 -81.1  17.0  1.183  20.1
  15/17  3  35.4 19.0  15/17 30  51.1  7.2 17 19  87.2   6.0  1.030   6.1
  15/19 33 -37.5  7.4  15/20  9 -35.4 19.2 19 48 -82.1  14.5  1.120  16.2
  15/20 27  38.5 19.4  15/20 56  36.8  7.6 20 40  86.6  31.0  0.988  30.6
  15/22 55 -36.9  7.2  15/23 28 -35.4 19.5 23 10 -81.1  36.5  0.776  28.4
  16/ 0 37 -37.8  6.8  16/ 1  9 -35.9 19.8  0 52 -76.3  16.0  0.809  13.0
  16/ 1 35  57.9 18.0  16/ 2  2  36.0  7.4  1 45  79.5  71.2  1.709 121.6
  16/ 2 19 -37.3  6.3  16/ 2 52 -35.7 19.8  2 35 -71.3  19.1  0.866  16.5
  16/ 3 11  36.3 18.1  16/ 3 44  36.1  7.4  3 28  76.1 157.9  2.827 446.3
  16/ 4  1 -36.7  6.4  16/ 4 35 -36.8 20.1  4 18 -68.3   7.2  1.416  10.2
  16/ 4 54  35.6 18.4  16/ 5 26  35.4  7.8  5 11  74.3  22.5  4.294  96.5
  16/ 5 43 -36.8  6.9  16/ 6 18 -37.7 20.5  6  2 -67.7   3.7  1.744   6.5
  16/ 7 26 -37.0  6.9  16/ 8  2 -35.6 20.3  7 47 -69.5   9.3  1.022   9.5
  16/ 8 20  35.4 19.0  16/ 8 49  38.5  8.6  8 36  75.4   7.4  2.969  21.9
  16/ 9 10 -35.4  6.7  16/ 9 45 -35.7 20.1  9 30 -73.8   7.3  0.964   7.0
  16/10  2  35.5 19.2  16/10 33  37.4  8.6 10 18  76.7   7.5  2.074  15.6
  16/10 55 -37.0  6.8  16/11 27 -36.7 19.9 11 12 -80.0  22.5  0.787  17.7
  16/11 44  36.5 19.2  16/12  4  75.0 10.7 12  0  79.7   5.8  1.349   7.8
  16/17 38 -35.3  7.5  16/18 14 -36.5 19.3 17 54 -80.6  26.3  1.240  32.6
  16/18 32  38.5 19.1  16/19  2  35.1  7.3 18 46  84.8  27.1  0.992  26.9
  16/19 19 -36.6  7.4  16/19 55 -36.4 19.2 19 34 -81.7  15.3  1.143  17.5
  16/20 13  37.4 19.4  16/20 42  37.4  7.5 20 27  86.4  39.5  0.997  39.4
  16/22 41 -36.4  7.2  16/23 14 -36.4 19.4 22 56 -81.5  69.3  0.747  51.7
  17/ 0 23 -37.4  6.9  17/ 0 55 -36.3 19.8  0 38 -77.0  15.1  0.830  12.5
  17/ 2  5 -37.1  6.4  17/ 2 38 -35.5 19.8  2 21 -71.9  10.2  0.973   9.9
  17/ 2 57  36.5 18.2  17/ 3 30  36.4  7.3  3 14  76.6  32.4  2.549  82.6
  17/ 3 47 -36.4  6.4  17/ 4 21 -36.6 20.0  4  4 -68.6   8.3  1.286  10.7
  17/ 4 40  35.8 18.3  17/ 5 12  35.9  7.7  4 57  74.4   8.7  3.522  30.6
  17/ 5 29 -36.6  6.8  17/ 6  4 -37.5 20.4  5 48 -67.6  11.8  1.214  14.4
  17/12 23 -36.9  7.2  17/12 55 -37.1 19.7 12 40 -84.2   8.6  0.910   7.8
  17/13 12  37.0 19.1  17/13 46  36.0  7.6 13 29  82.7   6.8  1.186   8.1
  17/14  4 -37.5  7.5  17/14 37 -35.9 19.4 14 20 -84.2   5.1  0.994   5.1
  17/14 54  37.9 19.0  17/15 27  35.1  7.3 15 10  85.3   3.9  1.114   4.3
  17/15 44 -36.2  7.5  17/16 18 -37.5 19.3 16  1 -81.7   8.1  1.127   9.1
  17/17 25 -37.5  7.5  17/18  0 -36.9 19.3 17 41 -80.9   6.3  1.133   7.2
  17/19  5 -35.6  7.4  17/19 41 -37.1 19.2 19 21 -81.4   8.6  1.136   9.8
  17/19 59  36.3 19.3  17/20 29  35.1  7.5 20 13  85.8   7.4  1.003   7.4
  17/22 27 -35.9  7.2  17/23  0 -37.5 19.4 22 42 -81.8  38.9  0.804  31.3
  18/ 0  9 -36.9  6.9  18/ 0 41 -36.6 19.8  0 24 -77.8   7.8  0.931   7.2
  18/ 1  7  57.9 18.3  18/ 1 34  36.6  7.5  1 17  80.5  22.7  1.441  32.7
  18/ 1 51 -36.9  6.5  18/ 2 24 -35.3 19.8  2  7 -72.5  10.0  0.956   9.6
  18/ 2 43  36.7 18.2  18/ 3 16  36.7  7.3  2 60  77.0  15.9  2.045  32.5
  18/ 3 33 -36.1  6.3  18/ 4  7 -36.4 19.9  3 50 -68.9   9.4  1.188  11.2
  18/ 4 26  36.0 18.2  18/ 4 58  36.3  7.7  4 43  74.6  13.0  3.411  44.4
  18/ 5 15 -36.4  6.8  18/ 5 50 -37.3 20.4  5 34 -67.6   6.6  1.453   9.6
  18/ 7 52  35.2 18.9  18/ 8 21  38.6  8.5  8  8  75.1   7.6  3.130  23.9
  18/ 8 42 -36.8  6.7  18/ 9 17 -35.7 20.1  9  2 -72.5   6.7  0.996   6.6
  18/ 9 35  37.6 19.1  18/10  5  35.9  8.6  9 50  76.4   9.9  2.521  25.0
  18/10 27 -37.3  6.7  18/10 59 -37.3 19.9 10 44 -78.3  30.2  0.734  22.1
  18/12  9 -36.3  7.2  18/12 41 -37.5 19.7 12 26 -83.8  26.3  0.838  22.0
  18/12 58  36.6 19.1  18/13 32  36.6  7.6 13 15  82.1  13.9  1.332  18.5
  18/13 50 -36.7  7.5  18/14 23 -36.5 19.4 14  7 -84.5  51.7  0.981  50.7
  18/14 40  37.5 19.0  18/15 13  36.0  7.3 14 57  85.3   9.9  1.166  11.5
  18/15 30 -35.3  7.5  18/16  5 -35.0 19.4 15 47 -81.8  16.7  1.123  18.8
  18/17 11 -36.6  7.5  18/17 46 -37.3 19.3 17 27 -80.8  10.1  1.182  12.0
  18/18  4  37.5 19.0  18/18 34  36.7  7.3 18 18  84.6  10.5  0.995  10.5
  18/18 52 -37.9  7.5  18/19 28 -35.3 19.2 19  7 -81.7   8.4  1.139   9.6
  18/19 45  35.2 19.3  18/20 15  35.9  7.4 19 59  85.7   6.8  0.996   6.8
  18/22 13 -35.3  7.2  18/22 47 -35.9 19.3 22 29 -82.0  54.0  0.821  44.3
  18/23  5  35.9 19.5  18/23 38  36.6  7.8 23 21  83.6  15.6  1.158  18.0
  19/ 0  0 -53.5  6.5  19/ 0 27 -37.1 19.7  0 10 -79.0   6.4  0.965   6.2
  19/ 6 43 -35.3  7.0  19/ 7 20 -35.1 20.3  7  4 -68.4   5.3  1.334   7.0
  19/ 7 38  35.2 18.9  19/ 8  7  38.7  8.5  7 54  75.0   6.1  3.222  19.7
  19/ 8 27 -35.4  6.8  19/ 9  3 -35.6 20.2  8 48 -71.8   4.2  1.109   4.6
  19/ 9 21  37.3 19.1  19/ 9 51  35.1  8.6  9 36  76.2   4.0  2.465   9.9
  19/10 12 -35.4  6.7  19/10 45 -37.5 20.0 10 30 -77.4   8.4  0.924   7.8
  19/11 55 -35.9  7.1  19/12 27 -37.8 19.7 12 12 -83.2   8.0  0.920   7.3
  19/12 44  36.1 19.1  19/13 18  37.2  7.7 13  1  81.5   3.5  1.144   4.0
  19/13 36 -35.8  7.4  19/14  9 -37.0 19.4 13 53 -84.7   5.9  0.966   5.7
  19/14 26  37.1 19.0  19/14 59  36.9  7.4 14 43  85.2   5.1  1.126   5.8
  19/15 17 -37.3  7.5  19/15 51 -35.4 19.3 15 33 -82.4   4.8  1.101   5.3
  19/16 57 -35.7  7.5  19/17 32 -37.6 19.3 17 13 -80.7   3.7  1.097   4.0
  19/18 38 -37.0  7.4  19/19 14 -36.1 19.2 18 53 -81.3   8.4  1.156   9.7
  19/19 32  38.5 19.2  19/20  1  36.6  7.4 19 45  85.8 125.4  1.029 129.1
  19/22  0 -38.0  7.2  19/22 33 -37.0 19.3 22 15 -82.7  20.7  0.907  18.8
  19/22 52  37.7 19.6  19/23 24  36.9  7.8 23  7  84.2  42.1  1.161  48.9
  20/ 0 38  54.3 18.7  20/ 1  6  37.2  7.6  0 49  81.7  19.8  1.347  26.7
  20/ 1 23 -36.5  6.6  20/ 1 56 -35.0 19.8  1 39 -73.8   8.0  0.969   7.7
  20/ 2 15  37.1 18.3  20/ 2 48  37.3  7.3  2 32  77.8   9.5  1.715  16.3
  20/ 3  5 -35.7  6.3  20/ 3 39 -35.9 19.8  3 22 -69.6   4.4  1.347   5.9
  20/ 3 58  36.3 18.1  20/ 4 30  37.2  7.5  4 15  75.1   6.4  2.882  18.4
  20/11 41 -35.5  7.1  20/12 13 -38.2 19.8 11 58 -82.5  15.7  0.848  13.4
  20/12 30  35.7 19.1  20/13  4  37.7  7.8 12 47  80.8  36.8  1.672  61.5
  20/13 22 -35.0  7.4  20/13 55 -37.6 19.5 13 39 -84.7 118.7  0.954 113.3
  20/14 12  36.7 19.0  20/14 45  37.9  7.4 14 29  84.8  61.5  1.324  81.4
  20/16 44 -37.8  7.5  20/17 19 -35.3 19.4 16 60 -81.1  23.4  1.211  28.3
  20/18 24 -36.0  7.4  20/19  0 -36.7 19.2 18 40 -81.0  42.8  1.297  55.5
  20/19 18  37.7 19.2  20/19 47  37.4  7.3 19 32  85.6  37.2  0.970  36.1
  20/21 46 -37.4  7.3  20/22 20 -35.7 19.2 22  1 -82.8  15.3  0.931  14.2
  20/22 38  36.2 19.6  20/23 10  37.2  7.8 22 54  84.5  15.4  1.118  17.2
  21/ 0 26  60.2 18.6  21/ 0 52  37.5  7.7  0 35  82.2  11.1  1.294  14.4
  21/ 1  9 -36.1  6.7  21/ 1 42 -35.0 19.8  1 25 -74.5   4.1  1.125   4.7
  21/ 2  1  37.3 18.4  21/ 2 34  37.6  7.4  2 18  78.3   4.2  1.532   6.5
  21/ 2 51 -35.4  6.3  21/ 3 25 -35.6 19.8  3  7 -70.1  10.0  1.062  10.6
  21/ 3 44  36.5 18.1  21/ 4 16  37.6  7.5  4  1  75.4   1.9  2.585   5.0
  21/ 4 33 -35.4  6.6  21/ 5  8 -36.7 20.2  4 51 -67.9   3.7  1.758   6.5
  21/ 6 15 -35.3  7.0  21/ 6 51 -37.5 20.4  6 35 -68.1   4.3  1.623   7.0
  21/ 7 10  35.3 18.8  21/ 7 40  35.5  8.3  7 26  74.6   1.3  2.554   3.4
  21/ 7 59 -36.6  6.8  21/ 8 35 -35.3 20.2  8 20 -70.7   4.8  1.107   5.3
  21/ 8 53  36.6 19.0  21/ 9 22  37.8  8.6  9  8  75.9   1.2  2.195   2.7
  21/ 9 44 -36.4  6.6  21/10 17 -37.8 20.0 10  3 -75.9   5.7  0.993   5.7
  21/10 35  37.3 19.1  21/10 56  68.5 10.1 10 51  77.9   2.7  1.676   4.6
  21/13  9 -37.1  7.4  21/13 41 -38.0 19.5 13 26 -85.1   6.4  0.955   6.2
  21/13 58  36.2 19.1  21/14 32  35.6  7.4 14 15  84.3   4.0  1.125   4.5
  21/14 49 -35.6  7.5  21/15 23 -36.4 19.3 15  6 -82.9   3.2  1.067   3.4
  21/16 30 -36.9  7.5  21/17  5 -35.6 19.4 16 46 -81.1   7.4  1.144   8.5
  21/18 10 -35.1  7.4  21/18 46 -37.3 19.3 18 26 -80.8   8.4  1.160   9.7
  21/19  4  36.9 19.1  21/19 34  35.3  7.3 19 18  85.1   3.3  1.012   3.4
  21/21 32 -36.7  7.3  21/22  6 -36.8 19.2 21 47 -82.8   3.6  0.985   3.5
  21/22 25  38.1 19.6  21/22 56  37.4  7.8 22 40  85.1   2.3  1.027   2.4
  22/ 0 55 -35.8  6.8  22/ 1 28 -35.1 19.8  1 11 -75.2   6.7  1.001   6.7
  22/ 2 37 -35.2  6.3  22/ 3 11 -35.4 19.8  2 53 -70.6  11.4  0.993  11.3
  22/ 3 30  36.7 18.1  22/ 4  2  38.0  7.4  3 47  75.7   1.6  2.276   3.6
  22/ 4 19 -35.0  6.5  22/ 4 54 -36.5 20.1  4 37 -68.0  31.7  0.954  30.3
  22/ 5 13  36.0 18.4  22/ 5 44  37.1  7.9  5 30  74.2   7.2  3.781  27.3
  22/ 6  1 -35.2  7.0  22/ 6 37 -37.4 20.4  6 21 -67.9  51.1  0.866  44.3
  22/ 8 39  36.3 19.0  22/ 9  8  37.7  8.6  8 54  75.7  24.6  3.705  91.0
  22/ 9 30 -36.9  6.6  22/10  3 -38.0 20.0  9 49 -75.1  25.1  0.751  18.8
  22/10 21  36.8 19.1  22/10 52  37.8  8.5 10 37  77.0  52.3  2.825 147.7
  22/11 13 -35.2  6.9  22/11 46 -35.6 19.8 11 30 -80.8  32.9  0.748  24.6
  22/12 55 -36.2  7.3  22/13 28 -35.3 19.5 13 12 -84.6  23.4  0.912  21.3
  22/13 44  35.7 19.1  22/14 18  36.5  7.4 14  1  83.9  23.7  1.272  30.1
  22/14 36 -37.5  7.5  22/15  9 -37.0 19.3 14 52 -83.5  28.8  1.050  30.2
  22/15 26  36.5 19.0  22/15 59  35.3  7.3 15 43  85.2  73.1  1.190  86.9
  22/16 16 -36.0  7.5  22/16 51 -36.0 19.4 16 33 -81.1  33.2  1.217  40.4
  22/20 31  35.8 19.4  22/21  1  35.8  7.5 20 45  86.3  34.9  0.992  34.6
  22/23  0 -37.9  7.1  22/23 32 -37.2 19.5 23 15 -81.1 556.6  0.701 389.9
  23/ 0 41 -35.5  6.8  23/ 1 14 -35.2 19.8  0 57 -76.0 885.0  0.667 590.3
  23/ 2 23 -35.0  6.4  23/ 2 57 -35.2 19.8  2 39 -71.1 237.3  0.693 164.3
  23/ 3 16  36.9 18.1  23/ 3 49  35.2  7.3  3 33  76.0  23.3  2.726  63.4
  23/ 4  6 -37.5  6.4  23/ 4 40 -36.3 20.0  4 23 -68.2  70.5  0.829  58.4
  23/ 4 59  36.2 18.3  23/ 5 30  37.6  7.9  5 16  74.4  41.5  4.333 179.7
  23/ 5 48 -37.5  6.8  23/ 6 23 -37.1 20.4  6  7 -67.7   9.9  1.255  12.4
  23/ 7 30 -35.2  6.9  23/ 8  7 -35.0 20.2  7 51 -69.7   8.2  1.028   8.4
  23/ 8 25  36.1 19.0  23/ 8 54  37.6  8.5  8 40  75.5   3.6  2.784  10.1
  23/ 9 15 -35.6  6.6  23/ 9 50 -35.0 20.0  9 35 -74.0  13.9  0.844  11.7
  23/10  7  36.3 19.1  23/10 38  36.9  8.5 10 23  76.8   3.2  1.886   6.0
  23/10 59 -35.1  6.8  23/11 32 -35.9 19.8 11 17 -80.0  24.1  0.778  18.7
  23/12 41 -35.5  7.3  23/13 14 -35.8 19.6 12 58 -84.4  57.8  0.834  48.2
  23/13 30  35.3 19.1  23/14  4  37.3  7.5 13 47  83.4  55.3  1.492  82.5
  23/14 22 -36.6  7.5  23/14 55 -37.5 19.3 14 39 -83.8  42.6  1.035  44.1
  23/15 12  36.1 19.0  23/15 45  36.2  7.3 15 29  85.4  21.8  1.131  24.7
  23/16  2 -35.1  7.5  23/16 37 -36.3 19.3 16 19 -81.2  33.7  1.202  40.5
  23/17 43 -36.4  7.5  23/18 19 -35.7 19.3 17 59 -80.8  17.1  1.214  20.8
  23/19 24 -37.7  7.4  23/20  0 -35.4 19.2 19 39 -81.9   5.8  1.105   6.4
  23/20 18  38.7 19.4  23/20 47  36.4  7.5 20 31  86.5  10.5  0.994  10.4
  23/22 46 -37.4  7.1  23/23 19 -35.4 19.4 23  1 -81.5   6.5  0.940   6.1
  24/ 0 27 -35.0  6.9  24/ 1  0 -35.5 19.8  0 43 -76.7  10.3  0.899   9.3
  24/ 4 45  36.4 18.3  24/ 5 16  38.1  7.8  5  2  74.5   5.9  3.653  21.5
  24/ 5 34 -37.3  6.8  24/ 6  9 -36.9 20.4  5 53 -67.6  22.3  1.023  22.8
  24/ 6 33  49.6 18.2  24/ 6 58  36.9  8.2  6 44  74.9   8.3  3.805  31.7
  24/ 7 16 -35.5  6.9  24/ 7 52 -37.8 20.4  7 37 -69.4  40.1  0.775  31.1
  24/ 8 11  36.0 18.9  24/ 8 40  37.4  8.5  8 26  75.3  16.6  3.768  62.6
  24/ 9  1 -36.3  6.6  24/ 9 36 -35.0 20.0  9 21 -73.3  75.6  0.668  50.5
  24/ 9 53  35.9 19.1  24/10 24  36.1  8.6 10  9  76.5  20.3  2.924  59.3
  24/10 45 -35.3  6.8  24/11 18 -36.2 19.8 11  3 -79.2  26.5  0.758  20.1
  24/12 28 -37.8  7.2  24/13  0 -36.2 19.6 12 44 -84.4  28.3  0.853  24.1
  24/13 17  37.9 19.0  24/13 51  35.0  7.5 13 34  82.8  18.7  1.309  24.5
  24/14  8 -35.7  7.4  24/14 42 -35.0 19.4 14 25 -83.8  40.7  0.993  40.4
  24/14 58  35.7 19.0  24/15 31  37.2  7.3 15 15  85.5  34.0  1.177  40.0
  24/15 49 -37.2  7.5  24/16 23 -36.6 19.3 16  5 -81.8 263.3  1.249 328.9
  24/20  4  37.7 19.3  24/20 33  37.1  7.5 20 18  86.3  55.4  1.019  56.4
  24/21 44  36.8 19.6  24/22 15  35.5  7.7 21 58  86.1  19.1  1.054  20.2
  24/22 32 -36.9  7.2  24/23  5 -36.5 19.4 22 47 -81.8  46.4  0.786  36.5
  25/ 0 14 -37.9  6.9  25/ 0 46 -35.8 19.7  0 29 -77.6  14.5  0.844  12.2
  25/ 1 12  58.6 18.2  25/ 1 39  35.7  7.5  1 22  80.4  74.7  1.566 117.0
  25/ 1 56 -37.7  6.4  25/ 2 28 -37.2 19.9  2 11 -72.4  23.9  0.796  19.0
  25/ 2 48  37.3 18.1  25/ 3 21  35.8  7.3  3  5  76.8  25.0  2.270  56.7
  25/ 3 38 -36.9  6.3  25/ 4 12 -35.8 19.9  3 55 -68.8  22.0  0.964  21.2
  25/ 4 31  36.6 18.2  25/ 5  3  35.4  7.6  4 47  74.5  27.8  3.974 110.5
  25/ 5 20 -37.1  6.7  25/ 5 55 -36.7 20.3  5 39 -67.6 116.1  0.788  91.5
  25/ 6 19  49.7 18.1  25/ 6 44  37.4  8.2  6 30  74.8  14.3  4.494  64.4
  25/ 7  2 -35.7  6.9  25/ 7 38 -37.5 20.4  7 23 -69.0  35.8  0.811  29.1
  25/ 7 57  35.9 18.9  25/ 8 26  37.6  8.5  8 12  75.1  15.2  3.785  57.4
  25/ 8 46 -35.1  6.7  25/ 9 22 -35.0 20.1  9  7 -72.6  22.9  0.775  17.7
  25/ 9 39  35.5 19.1  25/10 10  35.3  8.5  9 55  76.4  14.4  2.858  41.3
  25/10 31 -35.5  6.7  25/11  4 -36.4 19.8 10 49 -78.4  18.4  0.806  14.8
  25/12 14 -37.2  7.2  25/12 46 -36.5 19.6 12 30 -83.9  15.7  0.868  13.6
  25/13  3  37.5 19.1  25/13 37  35.7  7.6 13 20  82.3  15.9  1.337  21.2
  25/13 55 -37.7  7.4  25/14 28 -35.5 19.4 14 11 -84.4  15.1  0.980  14.8
  25/14 44  35.3 19.0  25/15 17  38.1  7.3 15  1  85.5  11.2  1.164  13.0
  25/15 35 -36.3  7.5  25/16  9 -37.1 19.3 15 52 -81.9  29.6  1.135  33.6
  25/18 56 -35.8  7.4  25/19 32 -37.0 19.2 19 12 -81.3  21.5  1.176  25.3
  25/19 50  36.6 19.3  25/20 19  37.8  7.4 20  4  86.0  42.7  0.987  42.2
  25/22 18 -36.3  7.2  25/22 51 -37.5 19.3 22 33 -82.2  15.6  0.885  13.8
  26/ 0  0 -37.5  6.9  26/ 0 32 -36.3 19.7  0 15 -78.2  18.6  0.813  15.1
  26/ 6  4  47.0 18.2  26/ 6 30  37.9  8.1  6 16  74.7  16.4  4.696  76.8
  26/ 6 48 -35.9  7.0  26/ 7 24 -37.3 20.4  7  9 -68.7  25.2  0.887  22.4
  26/ 7 43  35.9 18.9  26/ 8 12  37.7  8.4  7 59  75.0  13.7  3.740  51.3
  26/ 8 32 -35.7  6.7  26/ 9  7 -37.9 20.2  8 53 -72.3  10.8  0.911   9.9
  26/ 9 25  35.1 19.0  26/ 9 55  38.0  8.6  9 41  76.3   9.3  2.591  24.0
  26/10 17 -35.8  6.6  26/10 50 -36.7 19.9 10 35 -77.6   6.7  0.951   6.3
  26/12 49  37.1 19.1  26/13 23  36.2  7.6 13  6  81.7  14.8  1.359  20.1
  26/13 41 -36.8  7.4  26/14 14 -36.1 19.4 13 58 -84.6   9.5  0.962   9.1
  26/14 31  38.0 19.0  26/15  4  35.8  7.3 14 47  85.2  12.3  1.174  14.4
  26/15 21 -35.4  7.5  26/15 55 -37.5 19.3 15 38 -82.2  29.7  1.116  33.1
  26/17  2 -36.7  7.5  26/17 37 -36.9 19.3 17 18 -80.9  19.0  1.211  23.0
  26/18 43 -38.1  7.4  26/19 19 -35.2 19.2 18 58 -81.5   8.5  1.153   9.8
  26/19 36  35.7 19.2  26/20  6  35.6  7.4 19 50  85.5   7.5  0.997   7.5
  26/22  4 -35.8  7.2  26/22 38 -36.0 19.3 22 19 -82.3  64.0  0.834  53.4
  26/22 56  35.7 19.5  26/23 29  36.0  7.8 23 12  83.9  19.1  1.138  21.7
  27/ 0 41  49.0 18.7  27/ 1 11  36.3  7.6  0 54  81.5 247.0  1.463 361.5
  27/ 1 28 -37.3  6.6  27/ 2  0 -37.0 19.9  1 43 -73.7  18.0  0.812  14.6
  27/ 2 20  37.7 18.3  27/ 2 53  36.4  7.3  2 36  77.7  25.7  1.954  50.2
  27/ 3 10 -36.5  6.3  27/ 3 44 -35.4 19.8  3 26 -69.5   7.3  1.182   8.6
  27/ 4  3  37.0 18.1  27/ 4 35  36.3  7.5  4 19  75.0   6.5  2.967  19.2
  27/ 4 52 -36.5  6.6  27/ 5 27 -36.3 20.2  5 10 -67.7  27.2  0.990  26.9
  27/ 5 50  47.1 18.1  27/ 6 16  38.4  8.1  6  2  74.6  11.5  4.063  46.7
  27/ 6 34 -35.9  6.9  27/ 7 10 -37.1 20.4  6 55 -68.4  76.4  0.775  59.2
  27/ 7 29  35.9 18.8  27/ 7 58  37.9  8.4  7 45  74.9   5.5  3.396  18.8
  27/ 8 18 -36.3  6.7  27/ 8 53 -37.8 20.2  8 39 -71.6  12.4  0.888  11.0
  27/ 9 12  37.8 19.0  27/ 9 41  37.5  8.6  9 27  76.1   4.8  2.641  12.8
  27/10  3 -36.2  6.6  27/10 36 -36.9 19.9 10 21 -76.8  27.4  0.734  20.1
  27/11 46 -36.3  7.0  27/12 18 -37.2 19.7 12  3 -82.7  25.2  0.808  20.4
  27/12 35  36.6 19.1  27/13  9  36.8  7.7 12 52  81.0  17.8  1.424  25.4
  27/13 27 -36.0  7.4  27/14  0 -36.6 19.4 13 44 -84.7  10.2  0.952   9.7
  27/14 17  37.6 19.0  27/14 50  36.7  7.3 14 34  85.0  11.9  1.186  14.1
  27/15  8 -37.4  7.5  27/15 42 -35.0 19.3 15 24 -82.6  15.0  1.090  16.4
  27/16 48 -35.9  7.5  27/17 23 -37.2 19.3 17  4 -80.8  42.1  1.298  54.7
  27/18 29 -37.1  7.4  27/19  5 -35.9 19.2 18 44 -81.2  61.6  1.329  81.9
  27/19 22  35.0 19.2  27/19 52  36.3  7.3 19 36  85.3  14.1  0.973  13.7
  27/21 50 -35.2  7.2  27/22 24 -37.2 19.2 22  6 -82.3  30.2  0.904  27.3
  27/22 43  37.5 19.5  27/23 15  36.3  7.8 22 58  84.5  37.2  1.128  41.9
  28/ 1 14 -37.0  6.6  28/ 1 46 -37.0 19.9  1 29 -74.4  82.4  0.678  55.9
  28/ 2  5  35.0 18.4  28/ 2 39  36.7  7.3  2 22  78.1  14.2  1.697  24.0
  28/ 2 56 -36.3  6.3  28/ 3 30 -35.1 19.8  3 12 -69.9  13.1  0.993  13.0
  28/ 3 49  37.2 18.1  28/ 4 21  36.6  7.5  4  5  75.3  24.8  3.242  80.3
  28/ 4 38 -36.2  6.6  28/ 5 13 -36.1 20.1  4 56 -67.8  85.7  0.794  68.0
  28/ 6 20 -35.9  6.9  28/ 6 56 -36.9 20.4  6 40 -68.1  49.0  0.845  41.4
  28/ 7 15  36.0 18.8  28/ 7 44  38.2  8.4  7 31  74.7  12.1  3.929  47.6
  28/ 8  4 -36.9  6.7  28/ 8 39 -37.6 20.2  8 25 -71.0  67.9  0.683  46.4
  28/ 8 58  37.4 18.9  28/ 9 27  37.1  8.5  9 13  75.9  18.2  3.446  62.6
  28/ 9 49 -36.7  6.5  28/10 22 -37.0 19.9 10  7 -76.1  25.8  0.738  19.0
  28/11 32 -36.0  7.0  28/12  4 -37.6 19.7 11 49 -82.1  78.5  0.700  55.0
  28/12 21  36.2 19.1  28/12 55  37.1  7.8 12 38  80.5  27.4  1.590  43.6
  28/13 13 -35.2  7.3  28/13 46 -37.1 19.5 13 30 -84.8  33.3  0.934  31.1
  28/14  3  37.2 19.0  28/14 36  37.6  7.4 14 20  84.6  27.9  1.254  35.0
  28/14 54 -36.6  7.5  28/15 28 -35.5 19.3 15 11 -82.8  64.3  1.156  74.3
  28/16 34 -35.0  7.4  28/17  9 -37.5 19.3 16 51 -80.8  18.2  1.195  21.7
  28/18 15 -36.2  7.4  28/18 51 -36.4 19.2 18 31 -81.0  11.8  1.179  13.9
  28/19  9  38.2 19.1  28/19 38  37.1  7.3 19 23  85.5  20.3  0.990  20.1
  28/21 37 -37.7  7.2  28/22 11 -35.8 19.2 21 52 -82.9 151.2  0.977 147.7
  28/22 29  36.1 19.6  28/23  1  36.6  7.8 22 45  84.7  22.3  1.099  24.5
  29/ 1  0 -36.7  6.7  29/ 1 32 -37.0 19.9  1 15 -75.1  78.4  0.676  53.0
  29/ 2 42 -36.1  6.3  29/ 3 15 -37.3 19.9  2 58 -70.5  30.2  0.827  25.0
  29/ 3 35  37.4 18.1  29/ 4  7  37.0  7.4  3 51  75.6  25.1  3.056  76.7
  29/ 4 24 -35.9  6.5  29/ 4 59 -35.9 20.1  4 42 -67.9  39.9  0.920  36.7
  29/ 5 18  36.7 18.4  29/ 5 49  36.0  7.9  5 34  74.2  19.4  4.490  87.0
  29/ 6  6 -35.9  6.9  29/ 6 42 -36.7 20.4  6 26 -67.9  29.4  0.957  28.1
  29/ 7  4  44.5 18.5  29/ 7 30  38.6  8.3  7 17  74.9  38.3  4.535 173.8
  29/ 7 49 -35.3  6.8  29/ 8 25 -37.4 20.3  8 10 -70.5  34.5  0.754  26.1
  29/ 8 44  37.2 18.9  29/ 9 13  36.7  8.5  8 59  75.8  47.3  3.676 174.0
  29/ 9 34 -35.3  6.6  29/10  8 -37.1 20.0  9 53 -75.2  40.4  0.706  28.5
  29/10 26  37.8 19.0  29/10 57  37.3  8.5 10 41  77.1  74.0  2.749 203.5
  29/11 18 -35.9  6.9  29/11 50 -37.9 19.8 11 35 -81.3  24.8  0.781  19.3
  29/13  0 -37.3  7.3  29/13 32 -37.5 19.5 13 16 -85.0  43.2  0.879  38.0
  29/13 49  36.7 19.0  29/14 23  35.3  7.4 14  6  84.1  23.3  1.264  29.5
  29/14 40 -35.7  7.4  29/15 14 -36.0 19.3 14 57 -83.1  24.9  1.060  26.4
  29/15 31  37.5 18.9  29/16  3  37.3  7.2 15 47  85.6  82.9  1.187  98.4
  29/16 21 -37.1  7.5  29/16 56 -35.1 19.3 16 37 -81.2 157.5  1.314 207.0
  29/18  1 -35.3  7.4  29/18 37 -37.0 19.2 18 17 -80.7  29.5  1.252  37.0
  29/20 36  37.4 19.4  29/21  5  37.8  7.5 20 50  86.6  85.5  1.061  90.8
  29/21 23 -37.1  7.3  29/21 57 -37.0 19.2 21 38 -82.8  14.7  0.954  14.0
  29/23  4 -35.7  7.1  29/23 37 -36.2 19.5 23 20 -80.7 237.7  0.686 163.2
  30/ 0  0  50.7 19.0  30/ 0 29  37.1  7.7  0 12  83.0  35.0  1.269  44.4
  30/ 0 46 -36.4  6.8  30/ 1 18 -37.1 19.8  1  1 -75.8  12.9  0.859  11.1
  30/ 1 37  35.3 18.6  30/ 2 11  37.2  7.4  1 54  79.0  18.9  1.558  29.4
  30/ 2 28 -35.9  6.4  30/ 3  1 -37.1 19.9  2 44 -71.0  15.9  0.908  14.4
  30/ 3 21  37.6 18.1  30/ 3 53  37.3  7.4  3 37  76.0  26.1  2.843  74.1
  30/ 4 10 -35.5  6.4  30/ 4 45 -35.6 20.0  4 28 -68.2  17.1  1.109  19.0
  30/ 5  4  36.9 18.3  30/ 5 35  36.5  7.8  5 20  74.3  33.9  4.369 148.3
  30/ 5 52 -35.7  6.9  30/ 6 28 -36.4 20.3  6 12 -67.8  22.6  1.017  23.0
  30/ 6 49  41.7 18.5  30/ 7 17  35.2  8.2  7  3  74.6  13.3  4.232  56.5
  30/ 7 35 -35.7  6.8  30/ 8 11 -37.2 20.3  7 56 -70.0  89.5  0.674  60.3
  30/ 8 30  37.0 18.9  30/ 8 59  36.5  8.5  8 45  75.6  15.1  3.539  53.5
  30/ 9 20 -35.9  6.5  30/ 9 54 -37.2 20.0  9 39 -74.5   8.5  0.931   7.9
  30/10 12  37.3 19.0  30/10 43  36.3  8.5 10 27  76.9  21.7  2.881  62.5
  30/11  4 -35.8  6.8  30/11 36 -38.1 19.8 11 21 -80.6   7.9  0.913   7.2
  30/12 46 -36.5  7.3  30/13 18 -38.0 19.5 13  3 -84.9  25.4  0.899  22.9
  30/13 35  36.3 19.0  30/14  9  36.1  7.4 13 52  83.7  13.5  1.254  16.9
  30/14 27 -37.6  7.4  30/15  0 -36.5 19.3 14 43 -83.8  13.2  1.020  13.5
  30/15 17  37.1 18.9  30/15 50  35.1  7.2 15 33  85.3  16.9  1.133  19.1
  30/16  7 -36.2  7.5  30/16 42 -35.4 19.3 16 24 -81.3  14.0  1.167  16.4
  30/17 48 -37.5  7.5  30/18 23 -37.5 19.3 18  4 -81.0  39.5  1.308  51.7
  30/19 28 -35.6  7.4  30/20  4 -36.9 19.1 19 44 -81.6  23.8  1.130  26.9
  30/20 22  36.1 19.4  30/20 52  35.4  7.5 20 36  86.3  85.6  1.061  90.7
  30/22 50 -35.2  7.1  30/23 23 -37.1 19.4 23  6 -81.1  20.8  0.841  17.5
  31/ 0 32 -36.1  6.8  31/ 1  4 -37.4 19.8  0 48 -76.5  10.9  0.888   9.7
  31/ 1 30  56.5 18.1  31/ 1 57  37.5  7.4  1 40  79.7  17.8  1.524  27.1
  31/ 2 14 -35.8  6.4  31/ 2 47 -36.8 19.8  2 30 -71.5  63.6  0.726  46.1
  31/ 3  6  35.0 18.2  31/ 3 39  37.6  7.3  3 23  76.3  21.0  2.526  52.9
  31/ 3 56 -35.2  6.4  31/ 4 31 -35.4 19.9  4 13 -68.4  16.1  1.101  17.7
  31/ 4 50  37.1 18.3  31/ 5 21  37.1  7.8  5  6  74.4   6.7  3.622  24.2
  31/ 5 38 -35.5  6.8  31/ 6 14 -36.2 20.3  5 58 -67.7  14.5  1.152  16.7
  31/12 32 -35.9  7.2  31/13  5 -35.2 19.6 12 49 -84.1   8.2  0.928   7.6
  31/13 21  35.9 19.0  31/13 55  37.0  7.5 13 38  83.0  20.4  1.307  26.7
  31/14 13 -36.8  7.4  31/14 46 -37.0 19.3 14 30 -84.1   9.7  1.001   9.7
  31/15  3  36.8 19.0  31/15 36  36.0  7.3 15 20  85.4  14.4  1.143  16.5
  31/15 53 -35.4  7.4  31/16 28 -35.7 19.3 16 10 -81.4  22.5  1.154  26.0
  31/17 34 -36.6  7.4  31/18 10 -35.2 19.3 17 50 -80.8   7.0  1.144   8.0
  31/19 15 -38.0  7.4  31/19 51 -35.3 19.1 19 30 -81.9  11.4  1.136  13.0
  31/20  8  35.1 19.3  31/20 38  36.0  7.4 20 22  86.0  19.2  1.003  19.3
  31/22 37 -38.0  7.1  31/23 10 -35.4 19.4 22 52 -81.8  10.1  0.897   9.1
  32/ 0 18 -35.7  6.9  32/ 0 51 -35.0 19.7  0 34 -77.2  14.2  0.845  12.0
  32/ 1 16  56.5 18.2  32/ 1 43  37.8  7.5  1 26  80.2  23.1  1.485  34.2
  32/ 2  0 -35.6  6.5  32/ 2 33 -36.6 19.9  2 16 -72.1  10.4  0.962  10.0
  32/ 2 52  35.2 18.2  32/ 3 25  37.9  7.3  3  9  76.7  21.0  2.239  46.9
  32/ 3 42 -35.0  6.4  32/ 4 17 -35.2 19.9  3 59 -68.6   3.4  1.624   5.5
  32/ 4 36  37.3 18.2  32/ 5  7  37.5  7.7  4 52  74.6   4.4  3.560  15.5
  32/ 5 24 -35.3  6.8  32/ 6  0 -36.0 20.3  5 43 -67.6  15.1  1.140  17.2
  32/ 6 24  50.5 18.1  32/ 6 49  36.2  8.1  6 35  74.9   3.2  3.751  12.2
  32/ 7  7 -36.3  6.9  32/ 7 43 -36.8 20.3  7 28 -69.1  24.0  0.858  20.6
  32/ 8  2  36.8 18.8  32/ 8 31  36.4  8.4  8 17  75.2   2.4  2.698   6.6
  32/ 8 51 -35.4  6.6  32/ 9 26 -37.1 20.1  9 11 -73.1   9.0  0.928   8.4
  32/ 9 44  36.5 19.0  32/10 14  37.9  8.5  9 59  76.5   3.0  2.084   6.3
  32/10 36 -36.1  6.7  32/11  9 -35.4 19.8 10 54 -78.6   7.2  0.938   6.7
  32/12 18 -35.3  7.1  32/12 51 -35.5 19.6 12 35 -83.7   5.5  0.954   5.3
  32/13  7  35.4 19.1  32/13 41  37.7  7.6 13 24  82.5   5.4  1.176   6.4
  32/13 59 -35.9  7.4  32/14 32 -37.6 19.3 14 16 -84.3  21.6  0.993  21.5
  32/14 49  36.4 19.0  32/15 22  36.9  7.3 15  6  85.4  19.2  1.165  22.4
  32/15 40 -37.4  7.5  32/16 14 -36.1 19.3 15 56 -81.9  23.6  1.139  26.9
  32/17 20 -35.7  7.4  32/17 56 -35.6 19.3 17 36 -80.7  13.6  1.193  16.3
  32/19  1 -37.0  7.4  32/19 37 -36.0 19.2 19 16 -81.6  10.1  1.145  11.6
  32/19 55  38.2 19.3  32/20 24  36.7  7.4 20  8  86.1  12.2  0.979  12.0
  32/22 23 -37.4  7.2  32/22 56 -36.4 19.3 22 38 -82.2  19.7  0.870  17.1
  33/ 0  4 -35.3  7.0  33/ 0 37 -35.3 19.7  0 20 -77.9  19.0  0.808  15.3
  33/ 1  0  50.3 18.5  33/ 1 30  35.0  7.5  1 12  80.7  22.8  1.420  32.3
  33/ 1 46 -35.4  6.5  33/ 2 19 -36.4 19.9  2  2 -72.7  10.8  0.932  10.1
  33/ 2 38  35.4 18.3  33/ 3 12  35.1  7.3  2 55  77.0   6.9  1.914  13.2
  33/ 3 29 -37.6  6.2  33/ 4  2 -37.5 20.0  3 45 -69.0  11.8  1.096  12.9
  33/ 4 22  37.5 18.1  33/ 4 53  37.9  7.6  4 38  74.8   8.2  3.177  25.9
  33/ 5 10 -35.0  6.8  33/ 5 46 -35.8 20.2  5 29 -67.6  32.3  0.938  30.3
  33/ 6  9  47.8 18.1  33/ 6 35  36.7  8.1  6 21  74.7   8.3  3.811  31.5
  33/ 6 53 -36.5  6.9  33/ 7 29 -36.5 20.3  7 14 -68.7   3.6  1.432   5.1
  33/ 7 48  36.7 18.8  33/ 8 17  36.6  8.4  8  3  75.0   3.6  2.966  10.7
  33/ 8 37 -36.1  6.6  33/ 9 12 -37.1 20.1  8 57 -72.4   4.7  1.067   5.0
  33/ 9 30  36.1 19.0  33/10  0  37.2  8.5  9 45  76.3   2.4  2.244   5.3
  33/10 22 -36.3  6.6  33/10 55 -35.7 19.8 10 40 -77.8  37.9  0.715  27.1
  33/12 53  35.0 19.1  33/13 28  35.2  7.6 13 10  81.8  12.3  1.317  16.2
  33/13 45 -35.1  7.4  33/14 19 -35.0 19.4 14  2 -84.1  31.4  0.967  30.4
  33/14 35  36.0 19.0  33/15  8  37.8  7.3 14 52  85.4  28.6  1.189  33.9
  33/15 26 -36.5  7.5  33/16  0 -36.5 19.3 15 43 -82.1  35.8  1.144  41.0
  33/17  7 -37.9  7.5  33/17 42 -36.0 19.3 17 23 -81.0  24.8  1.227  30.4
  33/18 47 -36.1  7.4  33/19 23 -36.8 19.2 19  3 -81.2 161.2  1.305 210.4
  33/19 41  37.2 19.2  33/20 10  37.4  7.4 19 55  86.0  12.0  0.974  11.6
  33/22  9 -36.9  7.2  33/22 42 -37.5 19.3 22 24 -82.4   9.3  0.910   8.5
  33/23  1  37.2 19.5  33/23 34  35.1  7.7 23 17  83.8  10.1  1.148  11.6
  34/ 0 46  50.1 18.7  34/ 1 16  35.3  7.5  0 58  81.3   6.3  1.312   8.2
  34/ 1 32 -35.2  6.6  34/ 2  5 -36.3 19.9  1 48 -73.4   7.5  0.994   7.4
  34/ 2 24  35.6 18.3  34/ 2 58  35.4  7.3  2 41  77.5   6.7  1.785  11.9
  34/ 3 15 -37.4  6.2  34/ 3 48 -37.2 19.9  3 31 -69.4  10.0  1.115  11.1
  34/ 4  7  35.0 18.2  34/ 4 40  35.2  7.5  4 24  74.8   7.9  3.028  23.8
  34/ 4 57 -37.4  6.6  34/ 5 32 -35.6 20.2  5 15 -67.6   4.8  1.594   7.6
  34/ 5 55  48.0 18.0  34/ 6 21  37.2  8.0  6  7  74.7   7.8  3.816  29.7
  34/ 6 39 -36.7  6.9  34/ 7 15 -36.3 20.3  6 59 -68.4  28.6  0.888  25.4
  34/ 7 34  36.7 18.8  34/ 8  3  36.7  8.3  7 49  74.9   2.9  3.061   9.0
  34/ 8 23 -36.7  6.6  34/ 8 58 -36.9 20.1  8 43 -71.8  10.9  0.914   9.9
  34/ 9 16  35.8 19.0  34/ 9 46  36.6  8.5  9 32  76.1   9.5  2.764  26.2
  34/10  8 -36.7  6.5  34/10 41 -35.8 19.8 10 26 -77.1  30.7  0.727  22.3
  34/11 51 -37.2  7.0  34/12 23 -36.2 19.6 12  7 -82.9  11.2  0.890  10.0
  34/12 40  37.7 19.0  34/13 14  35.8  7.6 12 56  81.3   8.9  1.280  11.4
  34/13 32 -37.0  7.4  34/14  5 -35.5 19.4 13 49 -84.7  26.1  0.953  24.8
  34/14 21  35.6 19.0  34/14 55  35.5  7.3 14 38  84.9  15.8  1.198  18.9
  34/15 12 -35.7  7.4  34/15 46 -36.9 19.3 15 29 -82.4  15.0  1.098  16.5
  34/16 53 -37.0  7.5  34/17 28 -36.3 19.3 17  9 -80.9  19.7  1.208  23.8
  34/18 33 -35.2  7.4  34/19  9 -37.5 19.2 18 49 -80.9  19.9  1.195  23.8
  34/19 27  36.4 19.2  34/19 57  35.2  7.3 19 41  85.5   6.6  0.993   6.5
  34/21 55 -36.3  7.2  34/22 29 -36.0 19.2 22 10 -82.4  37.2  0.877  32.6
  34/22 47  35.7 19.5  34/23 20  35.3  7.7 23  3  84.1  35.7  1.136  40.5
  35/ 6 25 -36.6  6.9  35/ 7  1 -36.1 20.3  6 45 -68.1  22.3  0.967  21.6
  35/ 7 20  36.8 18.7  35/ 7 49  37.0  8.3  7 35  74.8   2.8  3.270   9.0
  35/ 8  8 -35.3  6.7  35/ 8 44 -36.8 20.2  8 29 -71.2  15.2  0.846  12.8
  35/ 9  2  35.5 19.0  35/ 9 32  36.1  8.5  9 18  75.9   4.0  2.636  10.5
  35/ 9 53 -35.0  6.6  35/10 27 -36.0 19.9 10 12 -76.2  11.7  0.880  10.3
  35/11 37 -36.9  6.9  35/12  9 -36.5 19.7 11 54 -82.2   3.5  1.006   3.5
  35/12 26  37.3 19.0  35/13  0  36.3  7.7 12 42  80.6   2.9  1.132   3.2
  35/13 18 -36.2  7.3  35/13 51 -36.0 19.4 13 35 -84.7   3.3  0.983   3.3
  35/14  7  35.1 19.0  35/14 41  36.4  7.3 14 24  84.7   4.3  1.129   4.9
  35/14 59 -37.6  7.5  35/15 32 -37.5 19.3 15 15 -83.0   5.4  1.079   5.9
  35/16 39 -36.1  7.4  35/17 14 -36.6 19.3 16 55 -80.9   6.9  1.155   8.0
  35/18 20 -37.4  7.4  35/18 56 -35.5 19.2 18 35 -81.2   4.1  1.098   4.5
  35/19 13  35.7 19.1  35/19 43  36.0  7.3 19 27  85.2   6.6  0.984   6.5
  35/21 41 -35.7  7.2  35/22 15 -37.2 19.2 21 57 -82.5  12.0  0.940  11.3
  35/22 34  37.5 19.6  35/23  6  35.6  7.7 22 49  84.7   4.3  1.109   4.7
  36/ 1  5 -37.7  6.7  36/ 1 37 -36.3 19.8  1 20 -74.9   5.7  1.046   5.9
  36/ 1 56  36.0 18.5  36/ 2 30  36.0  7.3  2 13  78.4   6.2  1.537   9.5
  36/ 2 47 -37.0  6.3  36/ 3 20 -36.7 19.9  3  3 -70.3   9.6  1.061  10.2
  36/ 3 39  35.3 18.1  36/ 4 12  36.0  7.4  3 56  75.4   5.5  2.732  15.1
  36/ 4 29 -36.8  6.5  36/ 5  4 -35.2 20.0  4 47 -67.9   4.2  1.696   7.1
  36/11 23 -36.6  6.9  36/11 55 -36.8 19.7 11 40 -81.6  11.0  0.879   9.6
  36/12 12  36.9 19.1  36/12 46  36.4  7.8 12 28  80.1  14.8  1.488  22.0
  36/13  4 -35.5  7.3  36/13 37 -36.4 19.5 13 21 -84.7   8.6  0.941   8.1
  36/13 54  37.8 19.0  36/14 27  37.3  7.4 14 11  84.4   6.2  1.161   7.2
  36/14 45 -36.8  7.4  36/15 18 -38.0 19.3 15  2 -83.2   3.5  1.064   3.7
  36/16 25 -35.3  7.4  36/17  0 -36.9 19.3 16 42 -80.9  37.8  1.262  47.7
  36/18  6 -36.5  7.4  36/18 42 -36.0 19.2 18 22 -80.9  22.0  1.220  26.9
  36/18 59  35.0 19.1  36/19 29  36.8  7.3 19 13  85.1  43.5  0.979  42.6
  36/21 27 -35.0  7.2  36/22  2 -35.9 19.1 21 43 -82.4  54.2  0.932  50.6
  36/22 20  36.0 19.6  36/22 52  35.9  7.7 22 35  84.9  54.5  1.141  62.2
  37/ 0 51 -37.4  6.7  37/ 1 23 -36.3 19.8  1  6 -75.6  26.3  0.743  19.6
  37/ 2 33 -36.8  6.3  37/ 3  6 -36.4 19.8  2 49 -70.8  53.3  0.760  40.5
  37/ 3 25  35.5 18.1  37/ 3 58  36.3  7.4  3 42  75.8  14.6  2.519  36.8
  37/ 4 15 -36.5  6.4  37/ 4 49 -37.6 20.1  4 32 -68.1  83.1  0.813  67.5
  37/ 5  8  35.0 18.4  37/ 5 40  35.4  7.8  5 25  74.1  12.2  3.923  47.8
  37/ 5 57 -36.5  6.8  37/ 6 33 -35.7 20.3  6 17 -67.8  52.8  0.858  45.3
  37/ 6 54  42.5 18.5  37/ 7 21  37.7  8.2  7  7  74.8   7.7  3.748  29.0
  37/ 7 40 -36.2  6.8  37/ 8 16 -36.4 20.2  8  1 -70.1 168.2  0.645 108.5
  37/ 8 34  35.0 18.9  37/ 9  4  35.5  8.4  8 50  75.6   9.4  3.017  28.4
  37/ 9 25 -36.3  6.5  37/ 9 59 -36.2 19.9  9 44 -74.7   8.1  0.942   7.7
  37/12 51 -37.6  7.2  37/13 23 -36.8 19.5 13  7 -84.9  65.9  0.848  55.9
  37/13 40  37.4 19.0  37/14 14  35.0  7.4 13 57  83.7  14.3  1.252  18.0
  37/14 31 -35.9  7.4  37/15  5 -35.4 19.3 14 48 -83.3  14.9  1.034  15.4
  37/15 21  35.1 19.0  37/15 54  37.0  7.2 15 38  85.4  37.4  1.147  42.9
  37/16 12 -37.4  7.5  37/16 46 -37.2 19.3 16 28 -81.4  25.1  1.178  29.6
  37/19 33 -36.9  7.4  37/20  9 -35.9 19.1 19 48 -81.9 178.7  1.196 213.7
  37/20 27  37.8 19.4  37/20 56  37.3  7.5 20 41  86.6  35.8  0.991  35.5
  37/22 55 -36.3  7.1  37/23 28 -35.9 19.4 23 10 -81.1  57.5  0.739  42.5
  38/ 0 37 -37.1  6.8  38/ 1  9 -36.5 19.8  0 52 -76.3  84.2  0.677  57.0
  38/ 2 19 -36.7  6.4  38/ 2 52 -36.2 19.8  2 35 -71.3  35.7  0.785  28.0
  38/ 3 11  35.8 18.2  38/ 3 44  36.6  7.4  3 28  76.1  31.3  2.827  88.6
  38/ 4  1 -36.1  6.4  38/ 4 35 -37.3 20.1  4 18 -68.3  20.0  1.042  20.9
  38/ 4 54  35.2 18.4  38/ 5 26  35.9  7.8  5 11  74.2   9.6  3.605  34.8
  38/ 5 43 -36.3  6.8  38/ 6 19 -35.4 20.3  6  2 -67.7   6.8  1.436   9.8
  38/ 6 40  42.6 18.4  38/ 7  7  38.1  8.2  6 53  74.7   6.7  3.816  25.4
  38/ 7 26 -36.6  6.8  38/ 8  2 -36.2 20.2  7 47 -69.6  48.0  0.746  35.8
  38/ 8 21  37.7 18.8  38/ 8 50  35.3  8.4  8 36  75.5  13.7  3.518  48.2
  38/ 9 10 -35.0  6.6  38/ 9 45 -36.3 20.0  9 30 -73.9  33.1  0.730  24.2
  38/10  3  38.0 19.0  38/10 33  38.0  8.5 10 18  76.8  14.7  2.561  37.5
  38/10 55 -36.5  6.7  38/11 27 -37.3 19.7 11 12 -80.0  12.4  0.863  10.7
  38/12 37 -36.9  7.2  38/13  9 -37.3 19.5 12 54 -84.6 106.3  0.827  87.9
  38/13 26  37.0 19.0  38/14  0  35.8  7.4 13 43  83.2  47.9  1.514  72.5
  38/14 17 -35.0  7.4  38/14 51 -35.9 19.3 14 34 -83.6  16.4  1.009  16.5
  38/15  8  37.9 18.9  38/15 40  37.9  7.2 15 24  85.7  49.3  1.186  58.4
  38/15 58 -36.5  7.5  38/16 32 -37.6 19.3 16 15 -81.5  32.9  1.192  39.2
  38/17 39 -37.8  7.5  38/18 14 -36.9 19.3 17 54 -81.0  71.1  1.345  95.7
  38/22 41 -35.8  7.1  38/23 14 -36.9 19.4 22 56 -81.5  19.3  0.854  16.5
  39/ 0 23 -36.8  6.9  39/ 0 55 -36.8 19.8  0 38 -77.0 106.8  0.673  71.8
  39/ 1 21  57.4 18.1  39/ 1 48  36.8  7.5  1 31  80.0  33.7  1.540  52.0
  39/ 2  5 -36.5  6.4  39/ 2 38 -35.9 19.8  2 21 -71.9  18.0  0.859  15.4
  39/ 2 57  36.0 18.2  39/ 3 30  36.9  7.3  3 14  76.5  19.5  2.271  44.2
  39/ 3 47 -35.9  6.4  39/ 4 21 -37.0 20.0  4  4 -68.6  14.1  1.114  15.7
  39/ 4 40  35.3 18.3  39/ 5 12  36.4  7.7  4 57  74.4   6.4  3.633  23.2
  39/ 5 29 -36.1  6.8  39/ 6  5 -35.2 20.2  5 48 -67.6  10.4  1.246  13.0
  39/ 6 27  45.6 18.3  39/ 6 53  38.6  8.2  6 39  74.7  11.7  4.127  48.3
  39/ 7 12 -36.9  6.8  39/ 7 48 -35.9 20.2  7 33 -69.2   2.3  1.517   3.5
  39/ 8  7  37.7 18.8  39/ 8 36  35.2  8.4  8 22  75.3   9.5  3.163  30.0
  39/ 8 56 -35.7  6.5  39/ 9 31 -36.2 20.0  9 16 -73.2   7.7  0.957   7.4
  39/ 9 49  37.6 19.0  39/10 19  37.2  8.5 10  4  76.6  12.2  2.564  31.2
  39/10 41 -36.7  6.6  39/11 13 -37.6 19.8 10 58 -79.2  36.0  0.723  26.0
  39/12 23 -36.3  7.1  39/12 55 -37.6 19.6 12 40 -84.3  27.7  0.848  23.5
  39/13 12  36.5 19.0  39/13 46  36.6  7.5 13 29  82.6  53.4  1.584  84.6
  39/14  4 -37.0  7.4  39/14 37 -36.5 19.3 14 21 -84.2  68.1  1.030  70.2
  39/14 54  37.5 18.9  39/15 27  35.7  7.3 15 11  85.4  72.9  1.250  91.1
  39/15 44 -35.6  7.4  39/16 19 -35.1 19.3 16  1 -81.5  24.7  1.144  28.3
  39/17 25 -36.9  7.4  39/18  0 -37.3 19.3 17 41 -80.8  14.1  1.195  16.8
  39/19  5 -35.0  7.4  39/19 42 -35.0 19.2 19 21 -81.3  40.4  1.211  49.0
  39/19 59  35.7 19.3  39/20 29  35.6  7.4 20 13  85.9  41.3  0.990  40.8
  39/22 27 -35.3  7.2  39/23  1 -35.3 19.3 22 43 -81.7  30.8  0.829  25.5
  40/ 0  9 -36.4  6.9  40/ 0 41 -37.1 19.8  0 24 -77.7  78.0  0.670  52.2
  40/ 1  7  57.4 18.3  40/ 1 34  37.1  7.5  1 17  80.6  11.6  1.426  16.5
  40/ 1 51 -36.3  6.5  40/ 2 24 -35.7 19.8  2  7 -72.5   8.4  0.988   8.3
  40/ 2 43  36.2 18.2  40/ 3 16  37.2  7.3  2 60  77.0   7.9  1.952  15.4
  40/ 3 33 -35.6  6.3  40/ 4  7 -36.8 20.0  3 50 -68.9  70.2  0.789  55.4
  40/ 4 26  35.5 18.2  40/ 4 58  36.8  7.6  4 43  74.6  15.6  3.609  56.2
  40/ 5 15 -35.9  6.7  40/ 5 51 -35.0 20.2  5 34 -67.6  33.3  0.932  31.0
  40/ 6 13  45.7 18.2  40/ 6 40  35.4  8.0  6 25  74.6  27.5  4.665 128.4
  40/ 6 58 -37.1  6.8  40/ 7 34 -35.7 20.2  7 18 -68.8 104.8  0.698  73.1
  40/ 7 53  37.6 18.7  40/ 8 22  35.4  8.3  8  8  75.1  16.5  3.922  64.8
  40/ 8 42 -36.4  6.5  40/ 9 17 -36.1 20.0  9  2 -72.5  14.3  0.843  12.0
  40/ 9 35  37.2 18.9  40/10  5  36.4  8.5  9 50  76.4   9.1  2.455  22.4
  40/10 27 -36.9  6.6  40/10 59 -37.8 19.8 10 44 -78.4  14.2  0.843  12.0
  40/12  9 -35.7  7.1  40/12 41 -38.0 19.6 12 26 -83.8   9.7  0.888   8.6
  40/12 58  36.1 19.0  40/13 32  37.1  7.6 13 15  82.1   9.7  1.268  12.3
  40/13 50 -36.1  7.4  40/14 23 -37.0 19.4 14  7 -84.5  12.8  0.967  12.4
  40/14 40  37.1 19.0  40/15 13  36.6  7.3 14 57  85.3  81.6  1.254 102.4
  40/15 31 -37.7  7.5  40/16  5 -35.4 19.3 15 47 -82.1 178.9  1.214 217.1
  40/17 11 -36.0  7.4  40/17 47 -35.0 19.3 17 27 -80.7  45.2  1.322  59.8
  40/18 52 -37.3  7.4  40/19 28 -35.7 19.2 19  7 -81.5  11.0  1.157  12.7
  40/19 46  38.8 19.2  40/20 15  36.3  7.4 19 59  86.0  26.0  0.980  25.5
  40/22 14 -38.0  7.2  40/22 47 -36.3 19.3 22 29 -82.5   5.5  0.964   5.3
  40/23  5  35.4 19.5  40/23 38  37.1  7.8 23 21  83.6   6.9  1.165   8.0
  41/ 0  0 -52.8  6.5  41/ 0 27 -37.6 19.7  0 10 -79.0  36.0  0.727  26.2
  41/ 0 53  57.4 18.4  41/ 1 20  37.4  7.6  1  3  81.1  20.0  1.387  27.8
  41/ 1 37 -36.1  6.6  41/ 2 10 -35.6 19.8  1 53 -73.2  10.3  0.927   9.6
  41/ 2 29  36.4 18.3  41/ 3  2  37.5  7.4  2 46  77.4   9.5  1.834  17.4
  41/ 3 19 -35.4  6.3  41/ 3 53 -36.5 19.9  3 36 -69.3  14.2  1.031  14.7
  41/ 4 12  35.8 18.2  41/ 4 44  37.3  7.6  4 29  74.9   6.5  3.113  20.1
  41/ 5  1 -35.6  6.7  41/ 5 36 -37.5 20.3  5 20 -67.6  32.9  0.936  30.8
  41/ 6 44 -37.3  6.8  41/ 7 20 -35.5 20.2  7  4 -68.4  22.3  0.913  20.3
  41/ 7 39  37.6 18.7  41/ 8  8  35.5  8.3  7 54  75.0   7.9  3.279  25.8
  41/ 8 27 -35.1  6.7  41/ 9  3 -36.1 20.0  8 48 -71.9  43.5  0.720  31.3
  41/ 9 21  36.9 18.9  41/ 9 51  35.7  8.5  9 36  76.2  15.1  3.132  47.3
  41/10 12 -35.0  6.6  41/10 45 -38.0 19.8 10 31 -77.5   8.5  0.923   7.9
  41/11 55 -35.4  7.0  41/12 28 -35.1 19.6 12 12 -82.8   5.5  0.963   5.3
  41/12 44  35.7 19.0  41/13 18  37.7  7.6 13  1  81.4   7.1  1.235   8.8
  41/13 36 -35.3  7.3  41/14  9 -37.5 19.4 13 53 -84.6   4.8  0.973   4.6
  41/14 26  36.7 19.0  41/14 59  37.5  7.3 14 43  85.2  10.6  1.171  12.4
  41/15 17 -36.8  7.4  41/15 51 -35.8 19.3 15 34 -82.3  11.8  1.095  12.9
  41/16 57 -35.2  7.4  41/17 33 -35.3 19.3 17 14 -80.6   8.2  1.151   9.4
  41/18 38 -36.4  7.4  41/19 14 -36.5 19.2 18 54 -81.2  29.4  1.212  35.6
  41/19 32  38.0 19.2  41/20  1  37.0  7.3 19 45  85.9  17.3  0.988  17.1
  41/22  0 -37.5  7.2  41/22 33 -37.4 19.2 22 15 -82.6   5.1  0.974   5.0
  41/22 52  37.2 19.5  41/23 24  37.3  7.8 23  8  84.2   7.4  1.129   8.3
  42/ 0 37  50.9 18.7  42/ 1  6  37.6  7.6  0 49  81.6  24.0  1.341  32.1
  42/ 1 23 -35.9  6.7  42/ 1 56 -35.4 19.9  1 39 -73.8  11.0  0.907   9.9
  42/ 2 15  36.7 18.4  42/ 2 48  37.7  7.4  2 32  77.9  19.0  1.811  34.4
  42/ 3  5 -35.2  6.4  42/ 3 39 -36.2 19.9  3 22 -69.6   5.5  1.268   7.0
  42/ 3 58  36.0 18.2  42/ 4 30  37.6  7.5  4 15  75.1   5.8  2.898  16.9
  42/ 4 47 -35.3  6.7  42/ 5 22 -37.3 20.2  5  6 -67.7  60.3  0.851  51.4
  42/ 5 46  49.0 18.0  42/ 6 12  36.5  8.0  5 57  74.7   9.4  3.913  36.9
  42/ 6 30 -37.4  6.8  42/ 7  6 -35.2 20.2  6 50 -68.2  21.5  0.958  20.6
  42/ 7 25  37.7 18.7  42/ 7 54  35.7  8.3  7 40  74.8   3.9  3.442  13.6
  42/ 8 13 -35.7  6.7  42/ 8 49 -35.9 20.1  8 34 -71.2   7.5  0.988   7.4
  42/ 9  7  36.5 18.9  42/ 9 37  35.2  8.4  9 22  76.0   4.3  2.632  11.2
  42/ 9 58 -35.5  6.5  42/10 32 -35.0 19.8 10 17 -76.3  26.3  0.738  19.4
  42/11 41 -35.1  6.9  42/12 14 -35.4 19.6 11 58 -82.1  22.5  0.815  18.4
  42/12 30  35.3 19.0  42/13  5  35.3  7.6 12 47  80.7  27.4  1.546  42.3
  42/13 23 -37.3  7.3  42/13 55 -38.0 19.4 13 39 -85.1  15.8  0.953  15.1
  42/14 12  36.3 19.0  42/14 46  35.2  7.3 14 29  84.7  34.1  1.257  42.9
  42/15  3 -35.9  7.4  42/15 37 -36.3 19.3 15 20 -82.6  57.6  1.151  66.3
  42/16 44 -37.3  7.5  42/17 19 -35.6 19.3 16 60 -81.0  23.3  1.211  28.2
  42/18 24 -35.5  7.4  42/19  0 -37.0 19.2 18 40 -80.9  29.5  1.235  36.4
  42/19 18  37.3 19.1  42/19 47  37.8  7.3 19 32  85.5  16.4  0.979  16.0
  42/21 46 -36.9  7.2  42/22 20 -36.0 19.2 22  1 -82.6  22.8  0.936  21.3
  42/22 38  35.8 19.5  42/23 10  37.6  7.8 22 54  84.4  43.0  1.126  48.4
  43/ 0 23  50.6 18.9  43/ 0 52  37.9  7.7  0 35  82.1 118.8  1.400 166.4
  43/ 1  9 -35.7  6.7  43/ 1 42 -35.4 19.8  1 25 -74.5 101.8  0.663  67.5
  43/ 2  1  36.9 18.4  43/ 2 34  38.0  7.4  2 18  78.3  74.6  1.904 142.1
  43/ 2 51 -35.0  6.4  43/ 3 25 -35.9 19.9  3  8 -70.1 117.1  0.712  83.4
  43/ 3 44  36.2 18.2  43/ 4 16  38.0  7.5  4  1  75.4  20.9  3.106  65.0
  43/ 4 33 -35.0  6.6  43/ 5  8 -37.0 20.2  4 51 -67.9  46.2  0.894  41.3
  43/ 5 32  49.3 17.9  43/ 5 58  37.0  7.9  5 43  74.7  15.7  4.497  70.8
  43/ 6 16 -37.4  6.8  43/ 6 52 -35.0 20.2  6 36 -68.0  30.6  0.929  28.4
  43/ 7 10  35.1 18.7  43/ 7 40  36.0  8.2  7 26  74.6   5.6  3.739  20.8
  43/ 7 59 -36.3  6.7  43/ 8 35 -35.7 20.1  8 20 -70.7  17.5  0.841  14.7
  43/ 8 53  36.3 18.9  43/ 9 22  38.3  8.5  9  8  75.9   5.2  2.719  14.2
  43/ 9 44 -36.0  6.5  43/10 18 -35.1 19.8 10  3 -75.5 115.1  0.654  75.2
  43/16 30 -36.5  7.5  43/17  5 -35.9 19.3 16 46 -81.0  34.3  1.247  42.7
  43/18 11 -37.8  7.4  43/18 46 -37.6 19.2 18 26 -81.1 122.8  1.331 163.4
  43/19  4  36.5 19.1  43/19 34  35.6  7.3 19 18  85.2  25.6  0.982  25.1
  43/21 32 -36.3  7.2  43/22  6 -37.1 19.1 21 47 -82.6   8.4  0.968   8.1
  43/22 25  37.7 19.6  43/22 56  37.8  7.8 22 40  85.1  14.9  1.088  16.2
  44/ 0 10  53.2 18.9  44/ 0 39  35.1  7.6  0 21  82.7  10.2  1.263  12.9
  44/ 0 55 -35.4  6.8  44/ 1 28 -35.4 19.8  1 11 -75.2  15.6  0.819  12.8
  44/ 2 38 -37.8  6.3  44/ 3 11 -35.7 19.9  2 53 -70.6  14.4  0.935  13.4
  44/ 3 30  36.5 18.1  44/ 4  3  35.2  7.4  3 47  75.6   7.3  2.507  18.3
  44/ 4 20 -37.5  6.4  44/ 4 54 -36.7 20.1  4 37 -68.0  19.2  1.070  20.5
  44/ 5 13  35.8 18.4  44/ 5 44  37.5  7.9  5 30  74.2   3.3  3.812  12.6
  44/ 6  2 -37.4  6.8  44/ 6 37 -37.6 20.4  6 21 -67.8   5.2  1.531   8.0
  44/ 6 58  40.6 18.5  44/ 7 26  36.3  8.2  7 12  74.7   6.2  3.775  23.5
  44/ 7 45 -36.7  6.7  44/ 8 21 -35.4 20.1  8  6 -70.2   8.8  0.978   8.6
  44/ 8 39  36.1 18.9  44/ 9  8  38.1  8.5  8 54  75.7  16.9  3.595  60.8
  44/ 9 30 -36.7  6.4  44/10  4 -35.1 19.8  9 49 -74.8  22.7  0.769  17.5
  44/10 21  36.6 19.0  44/10 53  35.2  8.3 10 37  76.9  16.3  2.453  40.0
  44/11 14 -37.4  6.8  44/11 46 -35.9 19.7 11 31 -80.9  22.1  0.795  17.6
  44/12 55 -35.9  7.2  44/13 28 -35.6 19.5 13 12 -84.6  29.7  0.890  26.4
  44/13 44  35.5 19.0  44/14 18  36.8  7.4 14  1  84.0  24.9  1.279  31.8
  44/14 36 -37.1  7.4  44/15  9 -37.2 19.3 14 53 -83.5  23.8  1.050  25.0
  44/15 26  36.3 18.9  44/15 59  35.7  7.2 15 43  85.2  72.2  1.189  85.9
  44/16 16 -35.6  7.4  44/16 51 -36.2 19.3 16 33 -81.1  90.1  1.297 116.8
  44/17 57 -36.9  7.4  44/18 33 -35.5 19.3 18 13 -80.9  20.5  1.218  24.9
  44/20 31  35.5 19.4  44/21  1  36.1  7.5 20 45  86.4  28.4  0.993  28.2
  44/21 18 -35.6  7.2  44/21 53 -35.8 19.1 21 34 -82.5  27.9  0.950  26.5
  45/ 0 41 -35.1  6.9  45/ 1 14 -35.4 19.8  0 57 -76.0  73.0  0.675  49.3
  45/ 2 24 -37.7  6.4  45/ 2 57 -35.4 19.8  2 39 -71.1  35.3  0.789  27.8
  45/ 3 16  36.7 18.2  45/ 3 49  35.5  7.4  3 33  76.0  42.1  2.822 118.8
  45/ 4  6 -37.1  6.4  45/ 4 40 -36.5 20.1  4 23 -68.2  80.2  0.807  64.7
  45/ 4 59  36.0 18.4  45/ 5 30  37.9  7.8  5 16  74.3   8.6  3.588  30.7
  45/ 5 48 -37.2  6.8  45/ 6 23 -37.3 20.3  6  7 -67.7   9.5  1.279  12.2
  45/ 6 46  46.5 18.3  45/ 7 12  36.7  8.2  6 58  74.8   6.5  3.809  24.9
  45/ 7 30 -35.0  6.8  45/ 8  7 -35.2 20.1  7 51 -69.7 101.4  0.667  67.6
  45/ 8 25  35.9 18.8  45/ 8 54  37.9  8.4  8 40  75.5  14.4  3.519  50.5
  45/ 9 15 -35.4  6.5  45/ 9 50 -35.2 19.9  9 35 -74.0  33.1  0.729  24.2
  45/10  7  36.2 19.0  45/10 38  37.2  8.4 10 23  76.8  14.7  2.532  37.3
  45/11  0 -37.4  6.7  45/11 32 -36.1 19.7 11 17 -80.2  24.4  0.775  18.9
  45/12 41 -35.2  7.2  45/13 14 -36.0 19.5 12 58 -84.4 139.8  0.837 117.1
  45/13 30  35.1 19.0  45/14  4  37.6  7.4 13 47  83.4 162.8  1.492 242.9
  45/14 22 -36.2  7.4  45/14 55 -37.8 19.3 14 39 -83.8  38.8  1.029  39.9
  45/15 12  36.0 19.0  45/15 45  36.6  7.2 15 29  85.4  33.2  1.138  37.8
  45/16  3 -37.8  7.5  45/16 37 -36.4 19.3 16 19 -81.5  20.0  1.165  23.3
  45/17 43 -36.0  7.4  45/18 19 -35.9 19.3 17 59 -80.7  71.9  1.350  97.0
  45/18 36  35.6 19.0  45/19  6  37.2  7.2 18 51  84.8  25.1  0.992  24.9
  45/19 24 -37.3  7.4  45/20  0 -35.6 19.1 19 39 -81.9  92.6  1.234 114.2
  45/21 58  38.2 19.6  45/22 29  35.4  7.7 22 12  85.8  22.8  1.062  24.2
  45/22 46 -37.1  7.1  45/23 19 -35.6 19.4 23  1 -81.4  55.7  0.758  42.2
  46/ 0 28 -38.0  6.8  46/ 1  0 -35.7 19.8  0 43 -76.8  53.8  0.692  37.3
  46/ 2 10 -37.6  6.4  46/ 2 43 -35.1 19.8  2 25 -71.7  35.2  0.781  27.4
  46/ 3  2  37.0 18.2  46/ 3 35  35.8  7.4  3 19  76.4  18.3  2.320  42.4
  46/ 3 52 -36.9  6.4  46/ 4 26 -36.2 20.0  4  9 -68.5  76.7  0.805  61.7
  46/ 4 45  36.3 18.3  46/ 5 17  35.2  7.7  5  2  74.3   7.0  3.595  25.2
  46/ 5 34 -37.1  6.8  46/ 6  9 -37.1 20.3  5 53 -67.6  37.6  0.912  34.2
  46/12 28 -37.5  7.1  46/13  0 -36.3 19.5 12 44 -84.4   9.2  0.914   8.4
  46/13 17  37.8 19.0  46/13 51  35.3  7.4 13 34  82.8  11.3  1.252  14.1
  46/14  8 -35.4  7.4  46/14 42 -35.1 19.3 14 25 -83.8   3.5  1.016   3.6
  46/14 58  35.6 19.0  46/15 31  37.5  7.3 15 15  85.5   6.3  1.127   7.1
  46/15 49 -36.9  7.5  46/16 23 -36.8 19.3 16  5 -81.7   4.1  1.107   4.6
  46/17 29 -35.2  7.4  46/18  5 -36.3 19.3 17 45 -80.5   5.5  1.124   6.2
  46/22 32 -36.6  7.1  46/23  5 -36.6 19.4 22 47 -81.8  94.1  0.721  67.9
  47/ 0 14 -37.6  6.9  47/ 0 46 -35.9 19.8  0 29 -77.6  31.2  0.731  22.8
  47/ 1 12  58.6 18.2  47/ 1 39  35.9  7.5  1 22  80.4  37.3  1.508  56.3
  47/ 1 56 -37.5  6.5  47/ 2 28 -37.4 20.0  2 11 -72.4  18.2  0.843  15.3
  47/ 2 48  37.2 18.2  47/ 3 21  36.1  7.4  3  5  76.8  36.7  2.368  86.8
  47/ 3 38 -36.7  6.4  47/ 4 12 -35.9 20.0  3 55 -68.8  17.9  1.016  18.2
  47/ 4 31  36.5 18.3  47/ 5  3  35.6  7.7  4 47  74.5   8.0  3.355  26.9
  47/ 5 20 -36.9  6.7  47/ 5 55 -36.8 20.3  5 39 -67.6  49.7  0.874  43.4
  47/ 6 18  46.7 18.2  47/ 6 44  37.6  8.1  6 30  74.7   2.6  3.436   8.9
  47/ 7  2 -35.5  6.9  47/ 7 38 -37.6 20.3  7 23 -69.0  10.5  1.056  11.1
  47/ 7 57  35.9 18.8  47/ 8 26  37.8  8.4  8 12  75.2   3.1  2.853   8.9
  47/ 8 47 -36.8  6.5  47/ 9 22 -35.1 19.9  9  7 -72.6  14.3  0.843  12.0
  47/ 9 39  35.4 19.0  47/10 10  35.5  8.4  9 55  76.3   4.8  2.188  10.5
  47/10 31 -35.3  6.6  47/11  4 -36.6 19.7 10 49 -78.4   3.3  1.055   3.5
  47/12 14 -36.9  7.1  47/12 46 -36.6 19.6 12 31 -83.9   9.1  0.885   8.1
  47/13  3  37.4 19.0  47/13 37  35.9  7.5 13 20  82.3  14.1  1.327  18.7
  47/13 55 -37.4  7.4  47/14 28 -35.6 19.3 14 11 -84.4  74.8  1.018  76.2
  47/14 44  35.3 19.0  47/15 18  35.2  7.3 15  1  85.1  40.1  1.200  48.2
  47/15 35 -36.1  7.4  47/16  9 -37.2 19.3 15 52 -81.9  23.7  1.131  26.8
  47/17 16 -37.4  7.5  47/17 51 -36.6 19.3 17 32 -80.9  16.0  1.210  19.4
  47/18 56 -35.5  7.4  47/19 32 -37.1 19.1 19 12 -81.2   9.2  1.141  10.5
  47/19 50  36.5 19.2  47/20 20  35.1  7.4 20  4  85.9  58.6  1.013  59.3
  47/22 18 -36.1  7.2  47/22 52 -35.0 19.3 22 33 -82.0  22.2  0.871  19.4
  48/ 0  0 -37.3  6.9  48/ 0 32 -36.4 19.7  0 15 -78.2  12.9  0.865  11.1
  48/ 1 42 -37.3  6.6  48/ 2 14 -37.2 20.0  1 57 -73.0  29.2  0.759  22.2
  48/ 2 34  37.5 18.3  48/ 3  7  36.3  7.4  2 50  77.2  15.7  1.962  30.7
  48/ 3 24 -36.4  6.4  48/ 3 58 -35.7 19.9  3 40 -69.1  12.4  1.072  13.3
  48/ 4 17  36.7 18.2  48/ 4 49  36.0  7.6  4 33  74.8   5.5  3.168  17.5
  48/ 5  6 -36.6  6.7  48/ 5 41 -36.6 20.3  5 24 -67.6   4.3  1.655   7.1
  48/ 6 48 -35.7  6.9  48/ 7 24 -37.4 20.3  7  9 -68.6  11.9  1.049  12.5
  48/ 7 43  35.9 18.7  48/ 8 12  37.9  8.3  7 59  75.0   1.9  2.558   4.9
  48/ 8 32 -35.6  6.6  48/ 9  8 -35.0 20.0  8 53 -71.9   5.6  1.043   5.9
  48/ 9 25  35.1 18.9  48/ 9 55  38.1  8.5  9 41  76.3   2.9  2.349   6.8
  48/10 17 -35.6  6.5  48/10 50 -36.7 19.8 10 35 -77.6  17.8  0.810  14.4
  48/17  2 -36.5  7.5  48/17 37 -36.9 19.3 17 18 -80.8  27.1  1.238  33.6
  48/18 43 -37.9  7.4  48/19 19 -35.2 19.2 18 58 -81.4  11.5  1.171  13.5
  48/22  4 -35.6  7.2  48/22 38 -36.1 19.2 22 20 -82.2   6.9  0.943   6.5
  48/22 56  35.7 19.5  48/23 29  36.2  7.8 23 12  83.8  18.6  1.139  21.1
  49/ 0 42  52.1 18.7  49/ 1 11  36.4  7.6  0 54  81.5  29.1  1.369  39.8
  49/ 1 28 -37.1  6.6  49/ 2  0 -37.0 20.0  1 43 -73.7   4.6  1.104   5.1
  49/ 2 20  37.7 18.4  49/ 2 53  36.5  7.4  2 36  77.7  27.4  1.969  53.9
  49/ 3 10 -36.3  6.4  49/ 3 44 -35.4 19.9  3 26 -69.5   5.7  1.264   7.3
  49/ 4  3  37.0 18.2  49/ 4 35  36.4  7.6  4 19  75.0   6.7  2.955  19.8
  49/ 4 52 -36.4  6.7  49/ 5 27 -36.3 20.2  5 10 -67.7  16.2  1.119  18.1
  49/ 5 50  47.2 18.1  49/ 6 17  35.1  8.0  6  2  74.6   2.3  3.246   7.4
  49/ 6 34 -35.8  6.9  49/ 7 10 -37.1 20.3  6 55 -68.3   4.9  1.416   6.9
  49/ 7 29  36.0 18.7  49/ 7 58  38.0  8.3  7 45  74.9   2.2  2.883   6.3
  49/ 8 18 -36.2  6.6  49/ 8 53 -37.8 20.1  8 39 -71.6   2.6  1.212   3.2
  49/ 9 12  37.8 18.9  49/ 9 41  37.6  8.5  9 27  76.1   4.6  2.635  12.2
  49/10  3 -36.1  6.5  49/10 36 -36.9 19.8 10 21 -76.8   2.6  1.090   2.8
  49/11 46 -36.2  6.9  49/12 18 -37.2 19.6 12  3 -82.7   5.8  0.959   5.5
  49/12 35  36.7 19.0  49/13  9  36.9  7.6 12 52  81.0   2.8  1.115   3.2
  49/13 27 -35.8  7.3  49/14  0 -36.5 19.4 13 44 -84.6   3.9  0.977   3.8
  49/14 17  37.7 19.0  49/14 50  36.9  7.3 14 34  85.0   4.2  1.122   4.7
  49/15  8 -37.3  7.5  49/15 41 -38.0 19.3 15 25 -82.7   4.4  1.094   4.8
  49/16 48 -35.7  7.4  49/17 23 -37.2 19.3 17  5 -80.7   5.5  1.128   6.2
  49/18 29 -37.0  7.4  49/19  5 -35.8 19.2 18 45 -81.2   7.2  1.138   8.1
  49/19 22  35.1 19.2  49/19 52  36.4  7.3 19 36  85.3   8.0  0.993   8.0
  49/21 50 -35.1  7.2  49/22 24 -37.2 19.2 22  6 -82.3   3.8  0.982   3.8
  49/22 43  37.6 19.5  49/23 15  36.4  7.8 22 58  84.5   6.4  1.121   7.1
  50/ 0 28  52.0 18.8  50/ 0 57  36.6  7.7  0 40  82.0   4.0  1.240   5.0
  50/ 1 14 -36.9  6.7  50/ 1 46 -37.0 20.0  1 29 -74.4   2.5  1.244   3.1
  50/ 2  5  35.1 18.5  50/ 2 39  36.7  7.4  2 22  78.1   3.4  1.546   5.3
  50/ 2 56 -36.2  6.4  50/ 3 30 -35.1 19.9  3 12 -69.9   2.1  1.563   3.3
  50/ 3 49  37.3 18.2  50/ 4 21  36.7  7.5  4  5  75.3   1.3  2.298   3.1
  50/ 4 38 -36.1  6.6  50/ 5 13 -36.0 20.2  4 56 -67.8   2.2  2.051   4.4
  50/ 5 37  50.3 17.9  50/ 6  3  35.6  7.9  5 48  74.8   2.2  3.167   6.9
  50/ 6 20 -35.8  6.9  50/ 6 56 -36.8 20.3  6 40 -68.1   3.3  1.731   5.7
  50/ 7 15  36.1 18.7  50/ 7 44  38.3  8.3  7 31  74.7   1.5  2.659   4.0
  50/ 8  4 -36.9  6.6  50/ 8 39 -37.5 20.1  8 25 -71.0   6.8  1.023   6.9
  50/ 8 58  37.6 18.8  50/ 9 27  37.1  8.4  9 13  76.0   1.4  2.280   3.1
  50/ 9 49 -36.6  6.4  50/10 22 -36.9 19.8 10  7 -76.1   9.8  0.913   8.9
  50/11 32 -35.8  6.9  50/12  4 -37.5 19.6 11 49 -82.0  25.4  0.798  20.3
  50/12 21  36.3 19.0  50/12 55  37.2  7.7 12 38  80.5  13.3  1.445  19.3
  50/13 13 -35.1  7.3  50/13 46 -37.0 19.4 13 30 -84.8   5.5  0.960   5.3
  50/14  3  37.3 19.0  50/14 36  37.7  7.3 14 20  84.7   9.8  1.189  11.6
  50/14 54 -36.5  7.4  50/15 28 -35.4 19.3 15 11 -82.8   3.1  1.072   3.3
  50/16 35 -37.9  7.5  50/17  9 -37.4 19.3 16 51 -81.2   4.0  1.115   4.4
  50/18 15 -36.1  7.4  50/18 51 -36.3 19.2 18 31 -80.9   4.8  1.113   5.4
  50/19  9  38.4 19.1  50/19 38  37.2  7.3 19 23  85.6   9.5  0.980   9.3
  50/21 37 -37.7  7.2  50/22 11 -35.8 19.2 21 52 -82.8   7.1  0.967   6.8
  50/22 29  36.2 19.6  50/23  1  36.6  7.8 22 44  84.7   4.3  1.101   4.8
  51/ 1  0 -36.7  6.8  51/ 1 32 -37.0 19.9  1 15 -75.1   3.1  1.184   3.6
  51/ 2 42 -36.0  6.4  51/ 3 15 -37.2 20.0  2 58 -70.5   1.8  1.544   2.8
  51/ 3 35  37.6 18.2  51/ 4  7  37.0  7.5  3 51  75.6   9.7  2.565  24.9
  51/ 4 24 -35.8  6.6  51/ 4 59 -35.7 20.1  4 42 -67.9   2.1  2.124   4.4
  51/ 7 49 -35.3  6.7  51/ 8 25 -37.3 20.2  8 10 -70.5  49.2  0.719  35.4
  51/ 8 44  37.4 18.8  51/ 9 13  36.7  8.4  8 59  75.8   4.6  2.776  12.8
  51/ 9 34 -35.2  6.5  51/10  8 -36.9 19.9  9 53 -75.2  54.8  0.687  37.7
  51/10 26  38.0 18.9  51/10 57  37.3  8.4 10 41  77.2   5.3  1.821   9.7
  51/11 18 -35.8  6.8  51/11 50 -37.7 19.7 11 35 -81.3  11.6  0.876  10.2
  51/13  0 -37.2  7.2  51/13 32 -37.4 19.4 13 16 -85.1   7.9  0.935   7.4
  51/13 49  36.9 19.0  51/14 23  35.4  7.4 14  6  84.1   8.8  1.196  10.5
  51/14 40 -35.6  7.4  51/15 14 -35.8 19.3 14 57 -83.1   3.5  1.059   3.7
  51/15 31  37.7 18.9  51/16  3  37.3  7.2 15 47  85.6   2.1  0.988   2.1
  51/16 21 -37.1  7.5  51/16 55 -37.7 19.3 16 37 -81.2   2.3  1.035   2.4
  51/18  1 -35.3  7.4  51/18 37 -36.9 19.3 18 17 -80.6   5.6  1.124   6.3
  51/20 36  37.7 19.4  51/21  5  37.8  7.5 20 50  86.7  25.0  0.998  25.0
  51/21 23 -37.1  7.2  51/21 57 -36.9 19.1 21 38 -82.8   7.3  0.976   7.1
  51/22 22  59.9 19.4  51/22 47  36.8  7.7 22 31  86.9  21.5  1.083  23.2
  51/23  4 -35.7  7.1  51/23 37 -36.1 19.5 23 20 -80.6  17.8  0.843  15.0
  52/ 0  0  50.9 19.1  52/ 0 29  37.1  7.7  0 12  83.0  65.3  1.329  86.7
  52/ 0 46 -36.4  6.8  52/ 1 18 -37.0 19.9  1  1 -75.8   7.3  0.968   7.1
  52/ 2 28 -35.9  6.5  52/ 3  1 -36.9 20.0  2 44 -71.0  31.0  0.808  25.0
  52/ 3 21  37.8 18.2  52/ 3 53  37.3  7.5  3 37  76.0  10.6  2.360  25.0
  52/ 4 10 -35.5  6.5  52/ 4 45 -35.5 20.1  4 28 -68.1  54.2  0.871  47.2
  52/ 5  4  37.1 18.4  52/ 5 35  36.5  7.8  5 20  74.3   8.8  3.661  32.1
  52/ 5 52 -35.7  6.9  52/ 6 28 -36.2 20.3  6 12 -67.7   6.9  1.433   9.8
  52/ 9 20 -35.9  6.4  52/ 9 54 -37.0 19.9  9 39 -74.5  12.6  0.867  10.9
  52/10 12  37.6 18.9  52/10 43  36.3  8.4 10 27  76.9  12.6  2.401  30.2
  52/11  4 -35.8  6.7  52/11 36 -37.9 19.7 11 21 -80.5  24.4  0.776  18.9
  52/12 46 -36.5  7.2  52/13 18 -37.7 19.5 13  3 -84.9  25.0  0.901  22.5
  52/13 35  36.5 19.0  52/14  9  36.1  7.4 13 52  83.6  19.0  1.281  24.3
  52/14 27 -37.6  7.4  52/15  0 -36.3 19.3 14 43 -83.7  21.2  1.034  21.9
  52/15 17  37.4 18.9  52/15 50  35.0  7.2 15 33  85.3  46.3  1.165  54.0
  52/16  7 -36.2  7.5  52/16 42 -35.2 19.3 16 24 -81.3  36.5  1.217  44.4
  52/17 48 -37.5  7.5  52/18 23 -37.3 19.3 18  4 -80.9  44.7  1.325  59.2
  52/19 28 -35.7  7.4  52/20  4 -36.8 19.1 19 44 -81.6  28.6  1.133  32.5
  52/20 22  36.4 19.4  52/20 52  35.3  7.5 20 36  86.4   7.1  1.007   7.1
  52/22  8  58.8 19.4  52/22 33  37.1  7.7 22 17  87.4  18.1  1.070  19.4
  52/22 50 -35.2  7.1  52/23 23 -36.9 19.5 23  6 -81.1   9.3  0.908   8.4
  53/ 0 32 -36.1  6.9  53/ 1  4 -37.2 19.9  0 48 -76.5   4.7  1.038   4.9
  53/ 2 14 -35.8  6.5  53/ 2 47 -36.6 20.0  2 30 -71.5   7.7  1.050   8.1
  53/ 3  6  35.2 18.3  53/ 3 39  37.5  7.5  3 23  76.3   2.9  2.247   6.6
  53/ 3 56 -35.3  6.5  53/ 4 31 -35.2 20.0  4 13 -68.4   4.3  1.629   7.0
  53/ 4 50  37.3 18.3  53/ 5 21  37.0  7.8  5  6  74.4   2.0  3.046   6.2
  53/ 5 38 -35.6  6.9  53/ 6 14 -36.0 20.3  5 58 -67.7   2.5  1.938   4.9
  53/ 7 21 -36.1  6.8  53/ 7 57 -36.7 20.2  7 42 -69.5   3.1  1.369   4.2
  53/ 8 16  37.1 18.8  53/ 8 45  36.3  8.3  8 31  75.4   2.2  2.616   5.9
  53/ 9  6 -36.6  6.4  53/ 9 40 -36.9 19.9  9 25 -73.7   5.1  1.031   5.3
  53/ 9 58  37.2 18.9  53/10 29  35.4  8.4 10 13  76.6   1.1  1.735   2.0
  53/10 50 -35.9  6.6  53/11 22 -38.1 19.7 11  7 -79.8  11.8  0.866  10.3
  53/12 32 -35.9  7.1  53/13  4 -38.1 19.5 12 49 -84.6   4.5  0.966   4.3
  53/13 21  36.2 19.0  53/13 55  36.9  7.5 13 38  83.1   6.2  1.182   7.4
  53/14 13 -36.8  7.4  53/14 46 -36.8 19.3 14 30 -84.0   4.2  1.014   4.2
  53/15  3  37.1 19.0  53/15 36  35.9  7.3 15 20  85.4   7.7  1.129   8.7
  53/15 53 -35.4  7.5  53/16 28 -35.4 19.3 16 10 -81.4   4.5  1.112   5.0
  53/17 34 -36.7  7.5  53/18 10 -35.0 19.3 17 50 -80.8  10.0  1.174  11.7
  53/19 15 -38.0  7.4  53/19 51 -35.1 19.2 19 30 -81.9  13.1  1.143  15.0
  53/20  8  35.5 19.3  53/20 38  35.9  7.4 20 22  86.1  17.7  0.998  17.7
  53/22 37 -38.1  7.1  53/23 10 -35.2 19.4 22 52 -81.8   6.1  0.942   5.8
