1                       ***** SUMMARY LISTING *****
    SATELLITE ID       11            START OF FILE  1991 337/16  7  0
0+-------START-------++--------END--------++---PEAK---++----GIGAWATTS---+
 GMT       CMLAT MLT  GMT       CMLAT MLT  GMT   CMLAT MEAS  CORR   POWER
 337/16  7 -37.0  5.3 337/16 43 -35.1 17.1 16 22 -81.4  19.8  0.964  19.0
 337/17  0  35.8 17.2 337/17 30  36.6  5.2 17 14  85.3  12.8  0.911  11.6
 337/18 41  38.0 17.4 337/19 11  37.4  5.4 18 55  86.3  13.7  0.902  12.4
 337/19 29 -37.5  5.0 337/20  2 -35.6 17.1 19 44 -82.7  10.9  0.963  10.5
 337/20 20  36.1 17.3 337/20 53  37.3  5.7 20 36  83.9  15.4  0.889  13.7
 337/21 10 -35.3  4.9 337/21 42 -37.1 17.7 21 26 -79.0  11.0  1.048  11.5
 337/22  1  36.3 16.9 337/22 35  37.7  5.7 22 18  81.0   7.7  0.846   6.5
 337/22 52 -35.7  4.7 337/23 25 -35.4 18.0 23  8 -73.5   9.7  1.058  10.3
 338/ 0 35 -37.7  4.3 338/ 1  8 -36.8 17.8  0 51 -69.3   6.6  1.231   8.1
 338/ 1 27  35.5 16.0 338/ 2  0  35.4  5.1  1 44  74.5   6.5  1.381   8.9
 338/ 2 17 -37.2  4.1 338/ 2 52 -35.3 17.5  2 35 -67.3   5.1  1.670   8.6
 338/ 3 11  37.2 15.7 338/ 3 41  37.9  5.4  3 27  73.6   7.1  1.728  12.3
 338/ 3 59 -35.7  4.2 338/ 4 35 -36.2 17.8  4 20 -67.9   8.0  1.358  10.8
 338/ 4 54  36.3 16.3 338/ 5 23  38.3  6.1  5 10  74.2   8.9  2.086  18.6
 338/ 5 43 -35.1  4.4 338/ 6 18 -37.3 18.0  6  4 -71.2  12.8  0.954  12.2
 338/ 6 37  37.8 16.8 338/ 7  7  35.8  6.5  6 52  75.4   5.0  1.848   9.2
 338/ 7 29 -37.1  4.5 338/ 8  1 -36.8 17.9  7 46 -76.7   6.5  1.072   7.0
 338/ 8 18  35.2 17.0 338/ 8 40  69.1  8.0  8 35  78.0   6.9  1.283   8.9
 338/10 52 -35.0  5.4 338/11 25 -37.5 17.5 11  9 -84.3   5.6  0.917   5.1
 338/12 33 -36.3  5.5 338/13  7 -36.2 17.3 12 50 -82.4   7.9  0.847   6.7
 338/13 24  36.9 16.9 338/13 56  37.3  5.1 13 40  85.2   9.9  0.859   8.5
 338/14 14 -37.3  5.4 338/14 49 -35.7 17.2 14 30 -81.0  12.6  0.867  11.0
 338/15 54 -35.1  5.3 338/16 30 -36.6 17.1 16 10 -81.0   9.9  0.841   8.3
 338/16 48  37.7 17.1 338/17 18  35.3  5.2 17  2  85.1   9.0  0.895   8.0
 338/18 28  35.4 17.4 338/18 59  35.8  5.4 18 43  85.9  15.8  0.929  14.7
 338/19 16 -35.9  5.0 338/19 49 -37.5 17.1 19 31 -82.7  14.0  0.965  13.5
 338/20  9  40.2 17.3 338/20 41  35.5  5.6 20 24  84.6  16.8  0.908  15.3
 338/20 58 -37.1  4.9 338/21 30 -35.7 17.6 21 13 -79.6   7.5  1.064   8.0
 338/21 49  38.0 17.0 338/22 23  35.9  5.6 22  6  81.4  20.8  0.959  19.9
 338/22 40 -37.5  4.7 338/23 12 -36.2 18.0 22 55 -74.2  12.3  1.018  12.5
 339/ 0 22 -36.6  4.4 339/ 0 55 -37.3 17.9  0 38 -69.7   7.8  1.169   9.2
 339/ 1 15  37.6 15.9 339/ 1 47  36.7  5.2  1 31  74.8   7.3  1.352   9.8
 339/ 2  4 -36.1  4.1 339/ 2 39 -35.9 17.5  2 22 -67.4   3.4  2.014   6.8
 339/ 2 58  36.6 15.7 339/ 3 29  36.0  5.3  3 14  73.6   4.3  1.734   7.5
 339/ 3 46 -35.0  4.2 339/ 4 22 -37.0 17.8  4  7 -67.7   3.1  2.070   6.3
 339/ 4 41  35.6 16.2 339/ 5 11  36.0  6.0  4 57  74.0   1.8  1.879   3.3
 339/ 5 30 -35.2  4.4 339/ 6  6 -35.2 18.0  5 51 -70.5  21.2  0.850  18.1
 339/ 6 24  36.5 16.8 339/ 6 54  36.3  6.5  6 39  75.3   9.5  1.988  18.9
 339/ 7 16 -36.6  4.4 339/ 7 48 -37.9 17.9  7 34 -76.0   8.1  1.049   8.5
 339/ 8  6  36.9 17.0 339/ 8 39  35.7  6.2  8 22  76.8   6.5  1.356   8.8
 339/ 8 59 -36.7  4.9 339/ 9 31 -35.6 17.7  9 15 -81.7   7.3  1.029   7.5
 339/ 9 48  37.5 17.0 339/10 22  36.5  5.7 10  5  80.7   7.9  0.938   7.4
 339/10 40 -36.2  5.4 339/11 13 -35.8 17.5 10 57 -84.4   4.7  0.921   4.3
 339/12 21 -37.5  5.5 339/12 54 -37.6 17.3 12 37 -82.9   3.3  0.836   2.7
 339/13 11  35.6 16.9 339/13 44  35.9  5.2 13 28  85.1   5.2  0.822   4.3
 339/14  1 -35.5  5.4 339/14 36 -36.9 17.2 14 18 -80.8   3.4  0.788   2.7
 339/15 42 -36.5  5.3 339/16 18 -35.5 17.1 15 58 -81.1   5.8  0.825   4.8
 339/16 35  35.6 17.1 339/17  5  37.0  5.2 16 49  84.9   5.1  0.876   4.5
 339/18 16  36.7 17.3 339/18 46  37.2  5.4 18 30  86.1   7.9  0.864   6.8
 339/19  4 -37.5  5.0 339/19 37 -36.8 17.0 19 19 -83.1   5.9  0.924   5.5
 339/19 56  38.0 17.4 339/20 28  36.7  5.6 20 11  84.7  12.6  0.870  11.0
 339/20 45 -35.6  4.9 339/21 17 -37.3 17.5 21  0 -80.1   7.3  1.050   7.6
 339/21 37  39.6 17.0 339/22 10  37.2  5.7 21 53  81.9   6.6  0.828   5.5
 339/22 27 -36.2  4.8 339/22 59 -36.9 18.0 22 43 -74.9   5.1  1.162   6.0
 340/ 0  9 -35.5  4.5 340/ 0 43 -35.5 17.8  0 25 -70.1   6.9  1.186   8.1
 340/ 1  2  36.9 16.0 340/ 1 34  38.0  5.2  1 19  75.1   4.8  1.346   6.5
 340/ 1 52 -37.7  4.1 340/ 2 26 -36.6 17.5  2  9 -67.6   3.6  1.988   7.1
 340/18  4  38.1 17.3 340/18 34  35.7  5.3 18 18  86.0   2.5  0.868   2.2
 340/18 51 -35.9  5.1 340/19 25 -36.1 16.9 19  6 -82.7   3.1  0.884   2.8
 340/19 43  35.6 17.4 340/20 16  35.0  5.5 19 59  84.5   3.0  0.802   2.4
 340/20 33 -37.4  4.9 340/21  5 -36.0 17.4 20 48 -80.8   2.2  0.991   2.1
 340/21 23  35.5 17.1 340/21 58  35.4  5.6 21 41  81.9   6.4  0.834   5.4
 340/22 15 -38.0  4.7 340/22 47 -35.2 17.9 22 30 -75.6   7.3  1.102   8.0
 340/23  6  36.8 16.6 340/23 40  35.7  5.5 23 23  78.8   9.4  1.002   9.4
 341/ 0  0 -46.2  4.0 341/ 0 30 -36.0 17.9  0 13 -70.8   4.2  1.295   5.5
 341/11 56 -36.9  5.5 341/12 29 -37.5 17.3 12 13 -83.4   5.7  0.860   4.9
 342/ 4  3  36.1 15.9 342/ 4 33  36.7  5.7  4 19  73.7   4.0  1.879   7.5
 342/ 4 52 -36.7  4.2 342/ 5 27 -37.4 18.0  5 12 -69.3   9.4  1.088  10.2
 342/ 5 46  36.1 16.6 342/ 6 16  35.1  6.3  6  1  74.7   4.7  1.888   9.0
 342/ 6 37 -36.2  4.3 342/ 7 11 -35.0 17.9  6 56 -73.5   8.0  1.051   8.4
 342/ 7 28  35.9 17.0 342/ 8  0  36.1  6.4  7 44  76.0   9.6  1.592  15.2
 342/ 8 21 -36.2  4.7 342/ 8 53 -36.2 17.7  8 38 -79.7  10.6  1.035  10.9
 342/ 9 10  36.5 17.0 342/ 9 44  37.0  5.9  9 27  78.9   9.4  1.036   9.7
 342/10  3 -37.0  5.2 342/10 35 -36.7 17.6 10 19 -84.3   8.1  0.965   7.8
 342/10 52  37.2 17.0 342/11 26  35.7  5.4 11  9  83.6   7.7  0.847   6.5
 342/11 43 -35.3  5.4 342/12 17 -35.9 17.4 12  0 -83.3   5.4  0.871   4.7
 342/12 34  37.8 16.9 342/13  7  35.0  5.2 12 50  85.6   5.5  0.823   4.5
 342/13 24 -36.3  5.4 342/13 58 -37.7 17.2 13 41 -81.4   7.3  0.837   6.1
 342/14 16  37.6 16.8 342/14 47  37.3  5.1 14 31  84.7   6.8  0.862   5.9
 342/15  5 -37.2  5.3 342/15 40 -37.0 17.1 15 21 -80.9   8.6  0.837   7.2
 342/15 58  37.8 17.0 342/16 28  36.3  5.1 16 12  84.6   8.7  0.886   7.7
 342/16 45 -35.1  5.2 342/17 21 -36.3 16.9 17  1 -81.5   6.7  0.824   5.5
 342/17 39  37.2 17.2 342/18  9  35.7  5.3 17 53  85.8   6.0  0.866   5.2
 342/19 19  37.3 17.4 342/19 50  37.5  5.5 19 34  85.5   4.6  0.836   3.9
 342/20  8 -37.7  4.9 342/20 40 -36.6 17.3 20 23 -81.8   4.2  0.987   4.1
 342/20 58  35.0 17.2 342/21 32  37.8  5.7 21 15  82.8   4.7  0.807   3.8
 342/21 49 -35.3  4.8 342/22 21 -37.2 17.9 22  5 -76.9   2.5  1.148   2.8
 342/22 40  35.2 16.7 342/23 15  35.1  5.5 22 58  79.6   3.0  0.946   2.9
 343/ 0 24  37.5 16.2 343/ 0 57  35.6  5.3  0 40  76.1   3.2  1.259   4.1
 343/ 1 14 -37.1  4.2 343/ 1 48 -35.9 17.6  1 31 -68.3   2.1  2.069   4.3
 343/ 2  7  36.6 15.8 343/ 2 39  35.4  5.1  2 24  73.9   1.5  1.651   2.5
 343/ 2 56 -36.7  4.0 343/ 3 31 -37.0 17.6  3 15 -67.2   2.2  2.400   5.2
 343/ 3 50  35.5 15.9 343/ 4 20  38.2  5.6  4  6  73.7   1.5  1.690   2.5
 343/ 4 39 -36.3  4.2 343/ 5 15 -35.2 17.9  4 60 -68.8   2.0  1.736   3.5
 343/ 5 33  35.1 16.5 343/ 6  3  36.0  6.3  5 49  74.6   1.1  1.455   1.6
 343/ 6 24 -36.2  4.3 343/ 6 58 -35.9 17.9  6 43 -73.0   1.7  1.401   2.4
 343/ 7 16  37.5 16.9 343/ 7 47  36.2  6.4  7 31  75.9   1.6  1.381   2.3
 343/ 8  8 -35.5  4.7 343/ 8 40 -37.5 17.8  8 25 -79.0   2.4  1.037   2.5
 343/ 8 57  35.2 17.0 343/ 9 32  35.0  5.9  9 14  78.3   2.2  1.054   2.3
 343/ 9 50 -35.5  5.2 343/10 22 -38.0 17.6 10  7 -84.1   2.9  0.916   2.6
 343/19 55 -36.2  4.9 343/20 28 -35.6 17.2 20 10 -82.0   7.7  0.993   7.7
 343/20 46  36.2 17.2 343/21 20  36.0  5.6 21  3  83.0  16.0  0.891  14.3
 343/21 37 -37.1  4.8 343/22  9 -35.6 17.8 21 52 -77.6  20.8  0.981  20.5
 343/22 28  37.1 16.8 343/23  2  36.4  5.6 22 45  80.1   8.4  0.904   7.6
 344/ 0 11  36.7 16.3 344/ 0 44  36.8  5.3  0 28  76.5  12.0  1.192  14.4
 344/ 1  1 -35.9  4.2 344/ 1 35 -36.5 17.7  1 18 -68.6  21.0  0.965  20.3
 344/ 1 54  35.9 15.8 344/ 2 26  36.8  5.1  2 11  74.1  12.1  1.522  18.5
 344/ 2 43 -35.7  4.1 344/ 3 18 -37.7 17.6  3  2 -67.2   6.4  1.572  10.1
 344/ 3 38  37.4 15.8 344/ 4  8  36.1  5.5  3 54  73.6   8.9  1.862  16.6
 344/ 4 26 -35.9  4.2 344/ 5  2 -35.9 17.8  4 47 -68.5   4.3  1.504   6.5
 344/ 5 21  37.0 16.4 344/ 5 50  37.2  6.2  5 36  74.5   6.6  1.962  13.0
 344/ 6 11 -36.3  4.3 344/ 6 45 -36.8 18.0  6 30 -72.4  12.8  0.962  12.4
 344/ 7  3  36.2 16.9 344/ 7 34  36.3  6.4  7 19  75.7   5.0  1.701   8.6
 344/ 7 56 -37.3  4.6 344/ 8 28 -35.5 17.8  8 13 -78.2   7.1  1.062   7.5
 344/ 8 45  36.8 17.0 344/ 9 19  35.7  6.0  9  1  77.9   4.7  1.147   5.4
 344/ 9 38 -36.9  5.1 344/10 10 -36.1 17.6  9 54 -83.5   4.9  0.978   4.8
 344/10 27  37.5 17.0 344/11  1  36.0  5.5 10 44  82.5   7.0  0.875   6.2
 344/11 19 -37.5  5.4 344/11 52 -35.7 17.4 11 35 -84.1   4.8  0.890   4.3
 344/12  8  35.1 17.0 344/12 42  35.4  5.3 12 26  85.7   5.3  0.815   4.3
 344/12 59 -35.8  5.4 344/13 33 -37.5 17.2 13 16 -81.8   4.0  0.801   3.2
 344/13 50  35.1 16.9 344/14 22  37.8  5.1 14  7  84.8   4.4  0.848   3.7
 344/14 40 -36.8  5.3 344/15 15 -36.9 17.1 14 56 -80.8   4.2  0.781   3.3
 344/15 33  38.2 16.9 344/16  3  36.8  5.1 15 47  84.5   3.9  0.879   3.4
 344/16 21 -37.8  5.3 344/16 56 -37.0 17.0 16 36 -81.7   4.5  0.802   3.6
 344/17 14  36.5 17.2 344/17 44  36.0  5.2 17 28  85.4   6.1  0.873   5.3
 344/18 54  35.6 17.4 344/19 25  37.0  5.4 19  9  85.7  24.3  0.994  24.2
 344/19 43 -37.9  4.9 344/20 15 -37.3 17.1 19 58 -82.6  19.3  0.989  19.1
 344/20 34  37.3 17.3 344/21  7  37.2  5.6 20 50  83.5   9.6  0.828   8.0
 344/21 24 -35.7  4.9 344/21 56 -36.9 17.7 21 39 -78.2  19.6  0.986  19.3
 344/22 15  36.3 16.8 344/22 49  37.6  5.6 22 32  80.5  20.1  0.971  19.5
 344/23  6 -35.8  4.6 344/23 39 -35.7 18.0 23 22 -72.8  33.9  0.820  27.8
 345/ 0  1  44.9 16.0 345/ 0 32  35.0  5.3  0 15  77.0  14.4  1.183  17.0
 345/ 0 49 -37.7  4.2 345/ 1 22 -37.1 17.7  1  5 -68.9  10.7  1.120  12.0
 345/ 1 41  35.2 15.9 345/ 2 14  35.1  5.0  1 58  74.2  12.5  1.449  18.2
 345/ 2 31 -37.3  4.0 345/ 3  6 -35.6 17.4  2 49 -67.2   7.4  1.487  10.9
 345/ 3 25  36.8 15.7 345/ 3 55  37.6  5.4  3 41  73.6   5.7  1.791  10.3
 345/ 4 13 -35.5  4.2 345/ 4 49 -36.6 17.8  4 34 -68.2   4.0  1.615   6.4
 345/ 7 43 -36.6  4.5 345/ 8 15 -36.7 17.8  8  0 -77.5   2.7  1.135   3.1
 345/ 8 32  35.5 17.0 345/ 9  6  36.3  6.1  8 49  77.5   3.1  1.216   3.8
 345/ 9 25 -35.6  5.0 345/ 9 57 -37.5 17.6  9 42 -83.1   3.1  0.959   3.0
 345/10 14  36.1 17.0 345/10 48  37.6  5.6 10 31  81.9   2.7  0.877   2.4
 345/11  6 -35.8  5.4 345/11 39 -37.2 17.4 11 23 -84.3   3.2  0.887   2.8
 345/11 56  36.8 17.0 345/12 29  37.3  5.3 12 13  85.7   3.6  0.792   2.8
 345/12 47 -37.0  5.4 345/13 21 -35.8 17.2 13  3 -82.2   3.2  0.804   2.5
 345/14 33 -56.3  5.7 345/15  3 -35.4 17.2 14 43 -82.0   8.6  0.839   7.3
 345/15 20  36.6 16.9 345/15 51  35.6  5.0 15 35  84.1  14.4  0.920  13.3
 345/16  8 -35.9  5.3 345/16 44 -36.0 17.0 16 24 -81.3  13.1  0.872  11.4
 345/17  2  38.4 17.1 345/17 31  37.6  5.2 17 16  85.5  13.2  0.912  12.1
 345/18 42  36.7 17.3 345/19 13  35.4  5.4 18 57  85.8   8.5  0.863   7.4
 345/19 30 -36.4  5.0 345/20  3 -36.5 17.1 19 45 -82.6   5.5  0.946   5.2
 345/20 21  35.1 17.3 345/20 55  35.4  5.6 20 38  83.6   8.0  0.830   6.6
 345/21 12 -37.5  4.8 345/21 44 -35.4 17.6 21 27 -78.9  21.7  0.972  21.1
 345/22  2  35.3 16.9 345/22 37  35.8  5.6 22 20  80.7  20.2  0.947  19.2
 345/22 54 -37.7  4.6 345/23 26 -36.3 18.0 23  9 -73.5  85.7  0.732  62.7
 346/ 0 36 -36.7  4.3 346/ 1 10 -35.2 17.7  0 52 -69.2  10.6  1.095  11.6
 346/ 3 12  36.3 15.7 346/ 3 43  35.7  5.3  3 28  73.5  12.3  1.804  22.2
 346/ 4  1 -37.2  4.0 346/ 4 36 -37.3 17.8  4 21 -67.9  11.1  1.189  13.2
 346/ 4 55  35.3 16.3 346/ 5 25  35.9  6.0  5 11  74.2   4.6  1.910   8.7
 346/ 5 45 -36.3  4.3 346/ 6 20 -35.5 17.9  6  5 -71.1   4.7  1.232   5.7
 346/ 6 38  36.6 16.8 346/ 7  8  37.0  6.5  6 53  75.4   3.9  1.828   7.1
 346/ 7 30 -36.2  4.5 346/ 8  2 -37.9 17.8  7 48 -76.8   3.6  1.124   4.1
 346/ 8 20  37.2 17.0 346/ 8 53  36.5  6.1  8 36  77.2   3.0  1.288   3.9
 346/ 9 13 -37.1  5.0 346/ 9 45 -35.5 17.6  9 29 -82.4   3.7  0.972   3.6
 346/10  2  37.8 17.0 346/10 36  36.2  5.6 10 19  81.3   4.2  0.922   3.8
 346/10 54 -36.9  5.4 346/11 27 -35.5 17.4 11 11 -84.3   3.6  0.909   3.2
 346/11 43  35.4 17.0 346/12 17  35.9  5.3 12  1  85.4   3.8  0.776   2.9
 346/12 34 -35.4  5.4 346/13  8 -37.3 17.2 12 51 -82.3   3.9  0.829   3.2
 346/13 25  35.7 16.9 346/13 58  35.2  5.1 13 42  84.8   3.0  0.821   2.5
 346/14 15 -36.3  5.3 346/14 50 -36.6 17.2 14 31 -80.9   2.2  0.761   1.7
 346/15  7  35.2 16.9 346/15 38  37.3  5.0 15 22  84.2   6.3  0.864   5.5
 346/15 56 -37.3  5.3 346/16 31 -37.5 17.0 16 11 -81.3   8.6  0.837   7.2
 346/16 49  36.3 17.1 346/17 19  36.3  5.1 17  3  85.0  18.5  0.959  17.7
 346/18 30  37.9 17.3 346/19  0  36.8  5.4 18 44  86.2  17.8  0.946  16.9
 346/19 18 -38.1  5.0 346/19 51 -35.7 17.0 19 33 -83.0  11.5  0.956  11.0
 346/20  9  36.0 17.3 346/20 42  36.6  5.6 20 25  84.1  12.3  0.860  10.6
 346/20 59 -36.0  4.9 346/21 31 -36.7 17.6 21 14 -79.5   6.0  1.068   6.4
 346/21 50  36.9 16.9 346/22 24  37.0  5.6 22  7  81.4  15.0  0.888  13.3
 346/22 41 -36.4  4.7 346/23 13 -37.1 18.0 22 57 -74.2   8.0  1.097   8.8
 347/ 0 23 -35.6  4.4 347/ 0 57 -35.8 17.7  0 39 -69.6  19.1  0.934  17.8
 347/ 1 16  36.6 15.9 347/ 1 48  37.7  5.1  1 33  74.8  12.3  1.395  17.1
 347/ 2  5 -35.2  4.1 347/ 2 40 -36.9 17.5  2 23 -67.4  20.1  1.076  21.6
 347/ 2 59  35.6 15.7 347/ 3 30  37.2  5.2  3 16  73.6  17.0  1.855  31.6
 347/ 3 48 -36.6  4.0 347/ 4 24 -35.2 17.6  4  8 -67.6  27.9  0.987  27.5
 347/ 4 43  37.2 16.1 347/ 5 12  37.3  5.9  4 58  74.1   5.0  1.963   9.8
 347/ 5 32 -36.4  4.2 347/ 6  7 -36.3 17.9  5 52 -70.6  16.3  0.906  14.8
 347/ 6 25  35.5 16.8 347/ 6 55  37.6  6.4  6 41  75.2   5.7  1.890  10.7
 347/ 7 17 -35.8  4.4 347/ 7 50 -35.9 17.8  7 35 -75.9  11.9  1.002  11.9
 347/ 8  7  35.8 17.0 347/ 8 40  36.7  6.2  8 23  76.9   9.6  1.326  12.7
 347/ 9  0 -35.8  4.9 347/ 9 32 -36.8 17.6  9 17 -81.8  15.9  1.001  15.9
 347/ 9 49  36.4 17.0 347/10 23  37.5  5.7 10  6  80.8  12.7  0.954  12.1
 347/10 41 -35.3  5.3 347/11 14 -36.9 17.5 10 58 -84.4  13.5  0.956  12.9
 347/11 31  37.2 17.0 347/12  4  37.8  5.3 11 48  85.1   7.4  0.834   6.1
 347/12 22 -36.6  5.4 347/12 56 -35.7 17.3 12 39 -82.6  10.5  0.862   9.0
 347/13 13  37.6 16.9 347/13 32  81.0  5.6 13 29  88.6   3.1  0.812   2.5
 347/15  0  57.2 16.8 347/15 26  36.0  5.0 15 10  85.5  12.4  0.899  11.1
 347/15 43 -35.5  5.3 347/16 19 -36.3 17.0 15 59 -80.9  10.0  0.838   8.4
 347/16 37  38.2 17.0 347/17  7  35.0  5.1 16 51  84.9  14.2  0.917  13.0
 347/18 17  35.4 17.3 347/18 48  35.1  5.3 18 32  85.8  14.4  0.916  13.2
 347/19  5 -36.5  5.0 347/19 39 -35.0 16.9 19 20 -82.8  21.9  0.975  21.4
 347/19 57  37.0 17.3 347/20 29  37.7  5.6 20 13  84.6  20.9  0.957  20.0
 347/20 47 -37.9  4.8 347/21 19 -35.4 17.5 21  2 -80.2  16.5  1.001  16.5
 347/21 37  35.7 17.0 347/22 12  35.2  5.6 21 54  81.6  22.6  0.973  22.0
 347/22 28 -35.2  4.7 347/23  1 -35.3 17.9 22 44 -74.7   9.2  1.074   9.8
 348/ 0 11 -37.4  4.3 348/ 0 44 -36.3 17.8  0 27 -70.1   7.0  1.181   8.3
 348/ 1  3  35.8 16.0 348/ 1 36  35.9  5.1  1 20  75.0   3.8  1.370   5.2
 348/ 1 53 -36.8  4.0 348/ 2 28 -35.0 17.4  2 10 -67.5   3.7  1.938   7.2
 348/ 2 46  35.0 15.7 348/ 3 18  35.3  5.1  3  3  73.5   5.8  1.687   9.8
 348/ 3 35 -36.0  4.0 348/ 4 11 -35.9 17.6  3 55 -67.5   7.6  1.513  11.4
 348/ 4 30  36.5 16.0 348/ 5  0  35.0  5.8  4 46  73.9   5.2  1.954  10.1
 348/ 5 19 -36.3  4.2 348/ 5 54 -37.0 18.0  5 39 -70.2  17.4  0.892  15.5
 348/ 7  4 -35.6  4.4 348/ 7 37 -37.0 17.9  7 22 -75.2  70.8  0.749  53.0
 348/ 7 55  37.5 16.9 348/ 8 27  36.9  6.3  8 10  76.7   7.1  1.421  10.1
 348/ 8 48 -37.4  4.8 348/ 9 19 -38.1 17.7  9  4 -81.4   8.2  1.039   8.5
 348/ 9 36  35.1 17.0 348/10 11  35.8  5.7  9 53  80.0  11.1  0.971  10.8
 348/10 29 -36.5  5.3 348/11  2 -35.1 17.5 10 46 -84.3  10.5  0.956  10.1
 348/11 18  35.8 17.0 348/11 52  36.3  5.4 11 35  84.6  16.9  0.921  15.6
 348/12 10 -37.7  5.4 348/12 43 -37.1 17.3 12 26 -83.2   8.6  0.847   7.2
 348/13  0  36.3 16.9 348/13 33  35.5  5.1 13 17  85.3  30.7  1.044  32.0
 348/13 50 -35.9  5.3 348/14 25 -36.3 17.2 14  7 -81.0  12.0  0.861  10.3
 350/14 23  57.0 16.7 350/14 49  35.2  5.0 14 32  87.5  12.5  0.896  11.2
 350/15  6 -36.4  5.3 350/15 42 -35.1 17.1 15 22 -80.9   5.8  0.837   4.8
 350/15 59  36.6 16.9 350/16 29  37.1  5.0 16 13  84.6  18.8  0.958  18.0
 350/16 47 -37.5  5.2 350/17 22 -37.0 16.9 17  2 -82.0  25.7  1.013  26.1
 350/17 40  36.0 17.2 350/18 10  36.5  5.2 17 54  85.8  12.3  0.910  11.2
 350/18 28 -38.1  5.0 350/19  2 -35.7 16.8 18 43 -83.1   6.9  0.885   6.1
 350/19 20  36.3 17.3 350/19 52  35.4  5.4 19 35  85.1  14.0  0.900  12.6
 350/20  9 -36.8  4.9 350/20 41 -37.4 17.2 20 24 -81.7  17.2  1.009  17.3
 350/21  0  37.0 17.1 350/21 34  35.6  5.6 21 17  82.8  39.1  1.133  44.3
 350/21 51 -37.6  4.7 350/22 23 -35.4 17.8 22  6 -76.9  14.3  1.021  14.6
 350/22 42  37.1 16.6 350/23 16  36.0  5.5 22 59  79.6  14.3  0.942  13.5
 351/ 0 25  36.5 16.2 351/ 0 58  36.5  5.2  0 42  76.1   9.0  1.208  10.8
 351/ 1 15 -36.3  4.1 351/ 1 49 -36.8 17.6  1 32 -68.2  44.9  0.879  39.5
 351/ 2  8  35.7 15.7 351/ 2 40  36.3  5.0  2 25  73.9   6.5  1.568  10.1
 351/ 2 57 -36.0  4.0 351/ 3 33 -35.1 17.4  3 16 -67.2   9.1  1.355  12.3
 351/ 6 25 -35.6  4.3 351/ 6 59 -36.8 17.9  6 44 -73.1   7.7  1.071   8.3
 351/ 8 59  37.3 17.0 351/ 9 33  35.8  5.9  9 15  78.5  10.8  1.083  11.7
 351/ 9 52 -37.6  5.1 351/10 24 -35.8 17.5 10  8 -84.0  21.9  0.995  21.8
 351/10 41  37.9 17.0 351/11 15  35.2  5.4 10 58  83.1  16.2  0.912  14.8
 351/11 32 -35.6  5.4 351/12  6 -35.2 17.3 11 49 -83.5  13.3  0.918  12.2
 351/12 22  35.5 16.9 351/12 55  37.7  5.2 12 39  85.9  29.8  1.053  31.4
 351/13 13 -36.7  5.4 351/13 47 -37.1 17.2 13 29 -81.7  15.2  0.882  13.4
 351/14  4  35.4 16.8 351/14 36  36.9  5.0 14 20  84.5  24.4  0.987  24.1
 351/14 54 -37.8  5.3 351/15 29 -36.4 17.1 15  9 -81.0  11.5  0.863   9.9
 351/16 35 -38.9  5.2 351/17 10 -36.1 16.9 16 50 -82.1  18.5  0.936  17.3
 351/17 28  37.7 17.1 351/17 58  35.2  5.2 17 42  85.6  28.4  1.022  29.1
 351/19  8  37.3 17.3 351/19 39  36.5  5.4 19 23  85.6  42.9  1.112  47.7
 351/19 56 -35.3  4.9 351/20 29 -36.3 17.1 20 12 -81.9  14.1  0.995  14.1
 351/20 47  35.4 17.2 351/21 21  36.8  5.6 21  4  83.0   9.6  0.824   7.9
 351/21 38 -36.2  4.8 351/22 10 -36.4 17.7 21 53 -77.5  11.8  1.057  12.5
 351/22 29  36.3 16.7 351/23  3  37.2  5.5 22 46  80.0  11.7  0.909  10.6
 352/ 0 12  35.8 16.2 352/ 0 45  37.7  5.3  0 29  76.5  10.5  1.175  12.4
 352/ 1  2 -35.2  4.2 352/ 1 36 -37.3 17.6  1 19 -68.5  10.6  1.161  12.3
 352/ 1 55  35.1 15.8 352/ 2 27  37.7  5.0  2 12  74.1   6.2  1.509   9.3
 352/ 2 44 -35.0  4.0 352/ 3 20 -35.8 17.4  3  3 -67.2   5.2  1.678   8.7
 352/ 3 39  36.6 15.7 352/ 4  9  37.1  5.4  3 55  73.6   7.2  1.844  13.3
 352/ 4 27 -35.3  4.1 352/ 5  3 -36.8 17.8  4 48 -68.6  18.5  0.975  18.0
 352/ 5 22  36.1 16.4 352/ 5 51  38.3  6.2  5 37  74.5   8.1  2.039  16.6
 352/ 6 12 -35.7  4.3 352/ 6 46 -37.7 17.9  6 32 -72.6  12.2  0.979  11.9
 352/ 7  4  35.3 16.9 352/ 7 35  37.2  6.4  7 20  75.8   6.6  1.706  11.2
 352/ 7 57 -36.6  4.5 352/ 8 29 -36.5 17.7  8 14 -78.3  13.0  1.002  13.0
 352/ 8 46  35.9 17.0 352/ 9 20  36.4  5.9  9  3  78.0  11.2  1.118  12.5
 352/ 9 39 -36.2  5.1 352/10 11 -37.1 17.5  9 56 -83.6  39.4  0.975  38.5
 352/13  0 -35.1  5.3 352/13 35 -35.4 17.2 13 17 -81.6  15.3  0.894  13.7
 352/13 52  37.3 16.8 352/14 24  35.5  5.0 14  8  84.7  13.3  0.898  12.0
 352/14 41 -36.0  5.3 352/15 17 -35.0 17.1 14 57 -80.7  10.5  0.842   8.8
 352/15 34  37.1 16.9 352/16  4  37.5  5.0 15 49  84.5   8.2  0.878   7.2
 352/16 22 -37.0  5.2 352/16 58 -35.1 16.9 16 37 -81.6   5.8  0.827   4.8
 352/17 15  35.4 17.1 352/17 45  36.7  5.1 17 29  85.4   8.6  0.892   7.7
 352/18 56  38.4 17.3 352/19 26  37.8  5.4 19 10  86.0   6.0  0.847   5.1
 352/19 44 -37.1  4.9 352/20 17 -35.3 17.1 19 59 -82.4   5.8  0.971   5.6
 352/20 35  36.5 17.2 352/21  9  35.0  5.5 20 52  83.2   5.2  0.800   4.1
 352/21 26 -38.1  4.8 352/21 57 -37.7 17.7 21 41 -78.3   3.7  1.111   4.2
 352/22 16  35.5 16.8 352/22 51  35.3  5.5 22 34  80.4   3.4  0.875   2.9
 352/23  7 -35.0  4.6 352/23 40 -36.5 17.9 23 23 -72.8   1.8  1.475   2.6
 353/ 0  0  38.0 16.2 353/ 0 33  35.8  5.3  0 16  76.9   1.4  1.173   1.7
 353/ 0 50 -37.0  4.2 353/ 1 24 -35.4 17.6  1  6 -68.9   0.8  2.371   1.8
 353/ 1 43  37.2 15.8 353/ 2 15  35.9  5.0  1 59  74.2   1.4  1.408   1.9
 353/ 2 32 -36.7  3.9 353/ 3  7 -36.4 17.4  2 50 -67.2   1.4  2.842   3.9
 353/ 3 26  36.1 15.7 353/ 3 57  35.0  5.3  3 42  73.5   0.6  1.572   0.9
 353/ 4 15 -37.2  4.0 353/ 4 50 -37.5 17.8  4 35 -68.3   1.3  2.264   3.0
 353/ 5  9  35.3 16.3 353/ 5 39  35.7  6.0  5 25  74.3   1.1  1.466   1.6
 353/ 5 59 -35.8  4.2 353/ 6 34 -35.6 17.9  6 19 -71.7  15.5  0.926  14.4
 353/ 6 52  37.1 16.8 353/ 7 22  37.4  6.4  7  7  75.6   4.9  1.788   8.8
 353/ 7 44 -36.0  4.5 353/ 8 16 -37.6 17.8  8  1 -77.7   9.0  1.051   9.5
 353/ 8 34  37.7 16.9 353/ 9  7  37.0  6.0  8 50  77.6  21.2  1.302  27.6
 353/ 9 27 -37.6  5.0 353/ 9 59 -35.1 17.5  9 43 -83.1  23.3  0.980  22.9
 353/10 15  35.2 17.0 353/10 50  35.3  5.5 10 32  81.9  18.3  0.967  17.6
 353/11  7 -35.1  5.3 353/11 41 -35.0 17.4 11 24 -83.9   9.8  0.914   8.9
 353/11 57  35.9 17.0 353/12 30  38.1  5.2 12 14  85.8  26.6  1.027  27.3
 353/12 48 -36.4  5.4 353/13 22 -36.7 17.2 13  5 -82.1  19.0  0.939  17.8
 353/13 39  36.1 16.8 353/14 11  37.2  5.0 13 55  85.0  18.6  0.929  17.3
 353/14 29 -37.3  5.3 353/15  4 -36.2 17.1 14 45 -81.0  20.1  0.967  19.4
 353/15 21  35.7 16.8 353/15 52  36.3  5.0 15 36  84.1  25.1  1.001  25.1
 353/16  9 -35.2  5.2 353/16 45 -36.7 16.9 16 25 -81.2  19.3  0.957  18.5
 353/17  3  37.3 17.1 353/17 33  35.3  5.1 17 17  85.3  25.8  1.011  26.1
 353/18 43  35.8 17.3 353/19 14  36.1  5.3 18 58  85.7  28.8  1.028  29.6
 353/19 31 -35.6  4.9 353/20  4 -37.2 17.0 19 46 -82.4  36.0  1.012  36.4
 353/20 23  37.4 17.2 353/20 56  36.1  5.5 20 39  83.8  19.7  0.938  18.5
 353/21 13 -36.7  4.8 353/21 45 -36.1 17.6 21 28 -78.9  11.8  1.038  12.3
 353/22  4  37.4 16.8 353/22 38  36.5  5.5 22 21  80.9   8.1  0.842   6.8
 353/22 55 -37.0  4.6 353/23 27 -37.0 18.0 23 10 -73.5   2.0  1.358   2.8
 354/ 0 37 -35.9  4.3 354/ 1 11 -35.9 17.7  0 53 -69.2   2.7  1.568   4.3
 354/ 1 30  36.5 15.8 354/ 2  2  37.2  5.0  1 47  74.5   1.9  1.467   2.9
 354/ 2 19 -35.6  4.0 354/ 2 54 -37.0 17.4  2 37 -67.3   1.3  2.864   3.7
 354/ 3 13  35.5 15.7 354/ 3 44  36.5  5.2  3 30  73.5   2.5  1.813   4.5
 354/ 4  2 -36.7  4.0 354/ 4 38 -35.3 17.6  4 22 -67.9   1.8  2.240   4.0
 354/ 4 57  37.3 16.1 354/ 5 26  36.8  6.0  5 12  74.3   2.3  1.837   4.3
 354/ 5 46 -35.8  4.2 354/ 6 21 -36.3 17.9  6  6 -71.2   8.4  1.065   9.0
 354/ 6 39  35.9 16.8 354/ 7  9  37.9  6.4  6 55  75.4   4.1  1.834   7.5
 354/ 7 31 -35.6  4.4 354/ 8  4 -35.6 17.7  7 49 -76.6  10.9  1.011  11.0
 354/ 8 21  36.3 16.9 354/ 8 54  37.1  6.1  8 37  77.3   7.3  1.275   9.3
 354/ 9 14 -36.4  4.9 354/ 9 46 -36.4 17.6  9 31 -82.5   7.8  1.020   8.0
 354/10  3  37.0 17.0 354/10 37  36.8  5.6 10 20  81.3   9.9  0.915   9.1
 354/10 55 -36.3  5.3 354/11 28 -36.3 17.4 11 12 -84.4   7.0  0.917   6.5
 354/11 45  37.7 16.9 354/12 18  36.6  5.3 12  2  85.5   4.0  0.782   3.1
 354/12 36 -37.6  5.4 354/13 10 -35.1 17.2 12 52 -82.4   4.9  0.834   4.1
 354/13 27  38.0 16.8 354/13 59  35.9  5.0 13 43  85.0   6.9  0.851   5.9
 354/14 16 -35.6  5.3 354/14 51 -37.3 17.1 14 32 -80.8   2.4  0.765   1.9
 354/15  9  37.7 16.8 354/15 40  35.0  5.0 15 24  84.2   8.1  0.873   7.0
 354/15 57 -36.6  5.2 354/16 33 -35.6 17.0 16 13 -81.3  12.6  0.870  11.0
 354/16 50  35.3 17.0 354/17 20  36.9  5.1 17  4  85.0  20.0  0.973  19.4
 354/18 31  37.0 17.3 354/19  1  37.4  5.3 18 45  86.2  11.2  0.884   9.9
 354/19 19 -37.4  4.9 354/19 52 -36.3 16.9 19 34 -83.0  11.0  0.953  10.5
 354/20 10  35.3 17.2 354/20 43  37.2  5.5 20 26  84.0   9.0  0.832   7.4
 354/21  0 -35.3  4.8 354/21 32 -37.3 17.5 21 16 -79.5   6.7  1.070   7.1
 354/21 51  36.2 16.9 354/22 25  37.6  5.6 22  8  81.3   6.4  0.853   5.5
 354/22 42 -35.8  4.6 354/23 15 -35.1 17.9 22 58 -74.0   8.8  1.080   9.5
 355/ 0 24 -35.0  4.3 355/ 0 58 -36.4 17.7  0 41 -69.6  14.9  0.995  14.8
 355/ 1 17  35.9 15.9 355/ 1 50  35.3  5.0  1 34  74.7   8.0  1.357  10.8
 355/ 2  7 -37.4  3.9 355/ 2 41 -37.6 17.5  2 25 -67.4  33.5  0.942  31.5
 355/ 3  0  35.0 15.7 355/ 3 31  37.8  5.2  3 17  73.6   7.4  1.719  12.7
 355/ 3 49 -36.1  4.0 355/ 4 25 -35.9 17.6  4  9 -67.7  15.3  1.148  17.6
 355/ 4 44  36.6 16.1 355/ 5 13  38.0  5.9  4 60  74.1   5.2  1.974  10.3
 355/ 5 33 -35.9  4.2 355/ 6  8 -37.0 17.9  5 53 -70.7  18.7  0.878  16.4
 355/ 6 27  37.7 16.7 355/ 6 56  38.3  6.4  6 42  75.4   5.8  1.897  11.0
 355/ 7 18 -35.3  4.4 355/ 7 51 -36.6 17.8  7 36 -76.0  12.9  0.991  12.8
 355/ 8  8  35.1 16.9 355/ 8 41  37.3  6.2  8 24  76.8   9.9  1.321  13.0
 355/ 9  1 -35.2  4.9 355/ 9 33 -37.5 17.6  9 18 -82.0  26.8  0.958  25.7
 355/ 9 50  35.8 17.0 355/10 25  35.1  5.6 10  7  80.6  13.5  0.961  13.0
 355/10 43 -37.6  5.3 355/11 15 -37.6 17.4 10 59 -84.8  10.8  0.941  10.1
 355/11 32  36.5 16.9 355/12  6  35.0  5.3 11 49  85.1  25.1  1.014  25.5
 355/12 23 -36.1  5.4 355/12 57 -36.3 17.2 12 40 -82.6  16.8  0.920  15.4
 355/13 14  36.9 16.8 355/13 46  37.5  5.0 13 30  85.4  15.3  0.897  13.7
 355/14  4 -37.0  5.3 355/14 39 -35.7 17.1 14 20 -81.1   8.6  0.834   7.2
 355/14 56  36.5 16.8 355/15 27  36.6  5.0 15 11  84.2  21.0  0.972  20.4
 355/15 45 -38.1  5.2 355/16 20 -36.9 17.0 16  0 -81.3  21.1  0.982  20.7
 355/16 38  37.4 17.0 355/17  8  35.5  5.1 16 52  84.9   8.6  0.897   7.7
 355/18 19  38.5 17.2 355/18 49  35.7  5.2 18 33  86.1   8.1  0.863   7.0
 355/19  6 -35.9  4.9 355/19 40 -35.5 16.9 19 21 -82.7   9.7  0.934   9.1
 355/19 58  36.4 17.3 355/20 31  35.3  5.5 20 14  84.2  20.0  0.946  18.9
 355/20 48 -37.3  4.8 355/21 20 -36.0 17.4 21  3 -80.1  19.4  0.985  19.2
 355/21 38  35.1 16.9 355/22 13  35.7  5.5 21 56  81.5  13.9  0.864  12.0
 355/22 30 -37.7  4.6 355/23  2 -35.9 17.9 22 45 -74.8  17.4  0.972  16.9
 356/ 0 12 -36.9  4.3 356/ 0 45 -36.8 17.8  0 28 -70.1   7.4  1.169   8.7
 356/ 1  4  35.2 16.0 356/ 1 37  36.5  5.1  1 21  75.0   4.1  1.372   5.7
 356/ 1 54 -36.3  4.0 356/ 2 29 -35.5 17.4  2 12 -67.5  14.4  1.192  17.2
 356/ 2 48  37.0 15.6 356/ 3 19  35.9  5.0  3  4  73.6   5.6  1.698   9.4
 356/ 3 36 -35.5  4.0 356/ 4 12 -36.5 17.5  3 56 -67.6   6.8  1.579  10.8
 356/ 4 31  35.9 16.0 356/ 5  1  35.6  5.7  4 47  73.9   8.7  2.066  17.9
 356/ 5 20 -35.9  4.2 356/ 5 55 -37.7 17.9  5 41 -70.3  11.7  0.975  11.5
 356/ 6 14  36.7 16.6 356/ 6 44  35.3  6.3  6 29  75.1   6.1  1.928  11.8
 356/ 7  5 -35.2  4.3 356/ 7 38 -37.6 17.8  7 24 -75.3   8.6  1.049   9.0
 356/ 7 56  36.9 16.9 356/ 8 28  37.4  6.3  8 12  76.7   9.4  1.416  13.3
 356/ 8 49 -37.0  4.8 356/ 9 21 -35.5 17.6  9  5 -81.2  14.9  1.004  15.0
 356/ 9 38  37.5 16.9 356/10 12  36.2  5.6  9 54  80.2   9.4  0.964   9.1
 356/10 30 -36.0  5.2 356/11  3 -35.7 17.4 10 47 -84.4   8.4  0.945   7.9
 356/11 19  35.1 17.0 356/11 53  36.8  5.3 11 37  84.7   7.4  0.835   6.2
 356/12 11 -37.3  5.4 356/12 44 -37.7 17.2 12 28 -83.1   5.4  0.847   4.6
 356/13  1  35.7 16.9 356/13 34  36.0  5.1 13 18  85.4   3.8  0.819   3.1
 356/13 51 -35.4  5.3 356/14 26 -36.8 17.1 14  8 -80.9   5.1  0.826   4.2
 356/15 32 -36.3  5.2 356/16  8 -35.7 17.0 15 48 -81.0   3.5  0.782   2.7
 356/16 25  35.5 16.9 356/16 55  37.1  5.0 16 39  84.8   2.1  0.861   1.8
 356/17 13 -37.4  5.1 356/17 48 -36.6 16.8 17 28 -82.3   4.3  0.807   3.4
 356/18  6  36.0 17.2 356/18 36  37.2  5.2 18 20  85.9   5.0  0.865   4.3
 356/18 54 -37.6  4.9 356/19 27 -37.4 16.8 19  9 -83.2   3.3  0.890   2.9
 356/19 46  37.2 17.3 356/20 18  36.4  5.5 20  1  84.8   5.1  0.825   4.2
 356/20 35 -35.8  4.8 356/21  7 -37.4 17.4 20 50 -80.7   2.5  0.994   2.5
 356/21 26  36.8 17.0 356/22  0  36.9  5.5 21 43  82.0   3.3  0.811   2.7
 356/22 17 -36.5  4.7 356/22 49 -36.6 17.9 22 32 -75.5   2.1  1.211   2.6
 356/23  8  35.2 16.5 356/23 42  37.2  5.4 23 25  78.7   3.9  1.049   4.1
 357/ 0  0 -38.9  4.3 357/ 0 32 -37.3 17.9  0 15 -70.6   1.7  1.630   2.8
 357/ 0 52  37.4 16.0 357/ 1 24  37.7  5.1  1  8  75.4   2.2  1.348   3.0
 357/ 1 41 -35.2  4.1 357/ 2 16 -36.1 17.4  1 59 -67.8  23.0  1.060  24.4
 357/ 2 35  36.4 15.6 357/ 3  6  37.3  5.0  2 52  73.7   6.8  1.644  11.2
 357/ 3 24 -37.3  3.9 357/ 3 59 -37.1 17.5  3 43 -67.4   9.6  1.344  12.9
 357/ 4 18  35.3 15.9 357/ 4 48  36.9  5.6  4 34  73.8   4.1  1.909   7.8
 357/ 5  7 -35.8  4.1 357/ 5 43 -35.4 17.8  5 28 -69.6  32.4  0.786  25.5
 357/ 6  1  35.6 16.6 357/ 6 31  36.0  6.3  6 17  74.9   6.4  1.953  12.4
 357/ 6 52 -35.2  4.3 357/ 7 26 -35.5 17.8  7 11 -74.3   5.1  1.120   5.7
 357/ 7 43  35.6 16.9 357/ 8 15  37.4  6.3  7 59  76.4   7.8  1.472  11.4
 357/ 8 36 -36.0  4.7 357/ 9  8 -36.7 17.6  8 53 -80.5  13.3  1.013  13.5
 357/ 9 25  36.3 16.9 357/ 9 59  37.4  5.7  9 42  79.5  15.5  1.042  16.1
 357/10 18 -37.3  5.2 357/10 50 -37.0 17.4 10 34 -84.7  26.3  0.994  26.1
 357/11  7  36.9 16.9 357/11 41  35.3  5.3 11 24  84.2  34.9  1.152  40.2
 357/11 58 -35.7  5.4 357/12 32 -36.0 17.2 12 15 -83.1  12.5  0.890  11.1
 357/12 49  37.5 16.8 357/13 21  37.8  5.1 13  5  85.9   9.6  0.845   8.1
 357/13 39 -36.7  5.3 357/14 14 -35.2 17.1 13 55 -81.2   6.0  0.832   5.0
 357/14 31  37.2 16.7 357/15  2  36.9  5.0 14 46  84.5  10.0  0.874   8.8
 357/15 20 -37.7  5.2 357/15 55 -37.0 17.0 15 35 -81.1   6.6  0.843   5.5
 357/16 13  37.7 16.9 357/16 43  35.8  5.0 16 27  84.6   9.6  0.902   8.7
 357/17  0 -35.6  5.1 357/17 36 -35.8 16.8 17 16 -81.8   8.1  0.834   6.7
 357/17 54  37.6 17.2 357/18 24  35.5  5.2 18  8  86.0  16.3  0.941  15.3
 357/19 34  38.2 17.3 357/20  5  37.6  5.4 19 49  85.3  14.6  0.899  13.1
 357/20 23 -37.8  4.8 357/20 55 -36.2 17.2 20 38 -81.3   9.8  1.019  10.0
 357/21 13  35.2 17.0 357/21 48  35.0  5.5 21 30  82.2   9.8  0.825   8.0
 357/22  4 -35.2  4.7 357/22 36 -37.6 17.8 22 20 -76.1  10.1  1.066  10.7
 357/22 56  37.4 16.5 357/23 30  35.3  5.4 23 13  79.2  12.0  0.972  11.7
 358/ 0 39  36.7 16.1 358/ 1 12  35.8  5.1  0 56  75.7   8.8  1.223  10.8
 358/ 1 29 -37.0  4.0 358/ 2  3 -36.6 17.5  1 46 -68.0  12.6  1.222  15.3
 358/ 2 22  35.9 15.6 358/ 2 54  35.4  5.0  2 39  73.7   6.5  1.627  10.6
 358/ 3 11 -36.4  3.9 358/ 3 47 -35.0 17.4  3 30 -67.2   4.4  1.788   7.8
 358/ 4  6  37.3 15.8 358/ 4 35  38.4  5.6  4 22  73.8  10.8  2.010  21.7
 358/ 4 54 -35.7  4.1 358/ 5 30 -36.0 17.8  5 15 -69.3  20.8  0.881  18.4
 358/ 5 49  37.5 16.4 358/ 6 18  36.8  6.2  6  4  74.9   9.2  2.081  19.1
 358/ 6 39 -35.2  4.3 358/ 7 13 -36.5 17.8  6 58 -73.7   4.7  1.134   5.3
 358/ 7 31  37.4 16.8 358/ 8  2  37.4  6.3  7 46  76.2   5.2  1.566   8.2
 358/ 8 23 -35.1  4.6 358/ 8 55 -37.9 17.7  8 40 -79.9   8.1  1.048   8.5
 358/ 9 12  35.0 16.9 358/ 9 47  35.6  5.7  9 29  78.8  12.6  1.021  12.9
 358/10  5 -35.9  5.1 358/10 38 -35.1 17.4 10 22 -84.0  15.1  0.991  15.0
 358/10 54  35.6 16.9 358/11 28  37.0  5.4 11 11  83.7  10.5  0.855   9.0
 358/11 46 -36.9  5.4 358/12 19 -37.4 17.2 12  3 -83.6  10.7  0.878   9.4
 358/12 36  36.3 16.9 358/13  9  36.3  5.1 12 53  85.7  13.5  0.875  11.8
 358/13 26 -35.1  5.3 358/14  1 -36.3 17.1 13 43 -81.2  18.1  0.931  16.8
 358/15  7 -36.0  5.2 358/15 43 -35.6 17.0 15 23 -80.8  12.9  0.874  11.3
 358/16  0  36.0 16.9 358/16 30  37.4  5.0 16 15  84.6  15.5  0.929  14.4
 358/16 48 -37.1  5.1 358/17 24 -35.0 16.8 17  3 -81.9  10.5  0.846   8.9
 358/17 41  35.3 17.1 358/18 11  37.0  5.2 17 55  85.7   6.8  0.876   6.0
 358/19 21  35.7 17.3 358/19 53  35.8  5.4 19 36  85.2   8.2  0.848   6.9
 358/20 10 -36.3  4.8 358/20 43 -35.0 17.2 20 25 -81.6   4.9  1.005   4.9
 358/21  1  36.5 17.1 358/21 35  36.1  5.5 21 18  82.7   6.1  0.831   5.0
 358/21 52 -37.1  4.7 358/22 24 -35.8 17.7 22  7 -76.9   2.7  1.150   3.1
 358/22 43  36.6 16.6 358/23 17  36.4  5.5 23  0  79.6   3.3  0.963   3.2
 359/ 0 26  36.0 16.1 359/ 0 59  36.9  5.2  0 43  76.1   4.2  1.237   5.2
 359/ 1 16 -35.9  4.1 359/ 1 50 -37.2 17.5  1 33 -68.2   4.0  1.715   6.8
 359/ 2  9  35.3 15.7 359/ 2 41  36.7  5.0  2 26  73.9   1.9  1.772   3.4
 359/ 2 58 -35.6  3.9 359/ 3 34 -35.6 17.4  3 17 -67.2   2.1  2.445   5.0
 359/ 3 53  36.7 15.7 359/ 4 23  36.1  5.4  4  9  73.7   2.7  1.887   5.2
 359/ 4 41 -35.4  4.1 359/ 5 17 -36.7 17.8  5  2 -68.9   2.0  1.712   3.5
 359/ 5 36  36.6 16.4 359/ 6  5  37.6  6.2  5 51  74.6   1.7  1.652   2.9
 359/ 6 26 -35.3  4.2 359/ 7  0 -37.3 17.8  6 46 -73.2   3.0  1.242   3.7
 359/ 7 18  36.1 16.8 359/ 7 49  37.5  6.4  7 34  76.0   1.5  1.324   2.0
 359/ 8 11 -36.9  4.5 359/ 8 43 -35.8 17.6  8 28 -79.1   4.9  1.061   5.2
 359/ 9  0  36.8 16.9 359/ 9 34  36.1  5.8  9 16  78.5   4.8  1.091   5.3
 359/ 9 53 -37.3  5.1 359/10 25 -36.3 17.5 10  9 -84.1   5.0  0.975   4.9
 359/10 42  37.4 16.9 359/11 16  35.5  5.4 10 59  83.1   5.9  0.855   5.1
 359/11 33 -35.3  5.3 359/12  7 -35.7 17.3 11 50 -83.5   5.2  0.884   4.6
 359/12 23  35.1 16.9 359/12 56  38.1  5.1 12 40  85.9  15.1  0.891  13.5
 359/13 14 -36.4  5.3 359/13 48 -37.5 17.1 13 31 -81.7  11.5  0.849   9.8
 359/14  6  38.1 16.7 359/14 37  37.2  5.0 14 21  84.8   9.4  0.856   8.0
 359/14 55 -37.4  5.2 359/15 30 -36.8 17.0 15 11 -80.9   8.2  0.843   6.9
 359/15 48  38.1 16.8 359/16 18  36.2  5.0 16  2  84.5   8.1  0.879   7.1
 359/16 35 -35.3  5.1 359/17 11 -36.5 16.8 16 51 -81.5  11.0  0.844   9.3
 359/17 29  37.1 17.1 359/17 59  35.5  5.1 17 43  85.5  11.6  0.902  10.5
 359/19  9  36.8 17.3 359/19 40  36.9  5.4 19 24  85.6  11.8  0.877  10.3
 359/19 58 -38.2  4.8 359/20 30 -36.7 17.1 20 13 -82.3   7.2  0.996   7.2
 359/20 48  35.0 17.1 359/21 22  37.2  5.5 21  5  83.0   8.4  0.825   6.9
 359/21 39 -35.8  4.7 359/22 11 -36.8 17.7 21 54 -77.6   9.3  1.081  10.1
 359/22 30  35.8 16.7 359/23  4  37.6  5.5 22 47  80.0  10.6  0.909   9.7
 360/ 0 13  35.3 16.2 360/ 0 47  35.0  5.2  0 30  76.4   6.7  1.211   8.1
 360/ 1  4 -37.7  4.1 360/ 1 38 -35.2 17.5  1 20 -68.5   4.3  1.548   6.7
 360/ 1 57  37.4 15.6 360/ 2 28  38.1  5.0  2 13  74.1   7.1  1.505  10.6
 360/ 2 46 -37.3  3.8 360/ 3 21 -36.2 17.3  3  4 -67.2   2.1  2.382   5.1
 360/ 3 40  36.2 15.7 360/ 4 10  37.5  5.3  3 56  73.6   2.7  1.873   5.1
 360/ 4 28 -35.0  4.1 360/ 5  4 -37.3 17.7  4 49 -68.6   2.7  1.698   4.7
 360/ 5 23  35.7 16.3 360/ 5 53  35.0  6.0  5 39  74.4   3.5  1.816   6.3
 360/ 6 13 -35.5  4.2 360/ 6 48 -35.2 17.8  6 33 -72.3   8.7  1.059   9.2
 360/ 7  6  37.9 16.7 360/ 7 36  37.6  6.4  7 21  75.9   2.9  1.641   4.7
 360/ 7 58 -36.3  4.5 360/ 8 30 -37.0 17.7  8 15 -78.4   5.1  1.073   5.5
 360/ 8 47  35.5 16.9 360/ 9 21  36.7  5.9  9  4  78.0   5.5  1.146   6.3
 360/ 9 40 -35.9  5.0 360/10 12 -37.5 17.5  9 57 -83.7   3.0  0.930   2.8
 360/10 29  36.1 16.9 360/11  3  37.0  5.4 10 46  82.6   4.9  0.871   4.3
 360/11 21 -36.5  5.3 360/11 54 -37.1 17.3 11 38 -84.1   2.8  0.879   2.4
 360/12 11  36.8 16.9 360/12 44  36.5  5.1 12 28  85.9   2.5  0.748   1.9
 360/13  2 -37.7  5.3 360/13 36 -35.8 17.1 13 18 -82.0   2.1  0.785   1.6
 360/13 53  36.9 16.7 360/14 25  35.8  5.0 14  9  84.6   2.8  0.837   2.3
 360/14 42 -35.7  5.2 360/15 18 -35.4 17.0 14 58 -80.7   2.6  0.756   2.0
 360/15 35  36.6 16.8 360/16  5  37.8  4.9 15 50  84.5   2.2  0.850   1.8
 360/16 23 -36.7  5.1 360/16 59 -35.5 16.9 16 38 -81.6   2.4  0.777   1.8
 360/17 17  38.9 17.1 360/17 46  37.0  5.1 17 30  85.7   2.4  0.857   2.0
 360/18 57  37.9 17.2 360/19 28  35.1  5.3 19 11  85.7   3.3  0.844   2.8
 360/19 45 -36.8  4.8 360/20 18 -35.6 17.0 20  0 -82.4   2.8  0.923   2.6
 360/20 36  36.1 17.1 360/21 10  35.3  5.5 20 53  83.2   3.1  0.759   2.3
 360/21 27 -37.8  4.7 360/21 59 -35.2 17.6 21 42 -78.2   1.8  1.073   1.9
 360/22 17  35.1 16.7 360/22 52  35.6  5.5 22 35  80.4   3.5  0.884   3.1
 361/ 0  1  37.6 16.2 361/ 0 34  36.1  5.3  0 17  76.9   4.7  1.188   5.6
 361/ 0 51 -36.7  4.2 361/ 1 25 -35.7 17.5  1  7 -68.8   2.4  1.730   4.2
 361/ 1 44  36.8 15.7 361/ 2 16  36.2  5.0  2  1  74.2   2.2  1.560   3.4
 361/ 2 33 -36.4  3.9 361/ 3  8 -36.8 17.4  2 52 -67.3   2.4  2.287   5.5
 361/ 3 27  35.7 15.6 361/ 3 58  35.4  5.2  3 43  73.5   1.1  1.573   1.7
 361/ 4 16 -36.9  3.9 361/ 4 52 -35.0 17.6  4 36 -68.2  10.8  1.140  12.4
 361/ 5 10  35.0 16.2 361/ 5 40  36.0  6.0  5 26  74.3   5.8  1.922  11.1
 361/ 6  0 -35.6  4.2 361/ 6 35 -36.0 17.8  6 20 -71.8   6.8  1.107   7.6
 361/ 6 53  36.7 16.7 361/ 7 23  37.8  6.4  7  8  75.6   5.4  1.793   9.6
 361/ 7 45 -35.7  4.4 361/ 8 17 -38.1 17.7  8  2 -77.7  17.3  0.971  16.8
 361/ 8 35  37.3 16.9 361/ 9  8  37.3  6.0  8 51  77.7   9.4  1.190  11.2
 361/ 9 28 -37.4  4.9 361/10  0 -35.6 17.5  9 44 -83.1  23.7  0.979  23.2
 361/10 17  38.0 16.9 361/10 51  35.5  5.4 10 34  82.0  13.9  0.911  12.7
 361/11  9 -37.7  5.3 361/11 42 -35.3 17.3 11 25 -84.3  15.8  0.939  14.9
 361/11 58  35.6 16.9 361/12 32  35.0  5.2 12 15  85.5  13.3  0.869  11.5
 361/12 49 -36.1  5.3 361/13 23 -37.0 17.1 13  6 -82.1  19.3  0.942  18.2
 361/13 40  35.7 16.8 361/14 12  37.5  5.0 13 56  84.9  17.0  0.915  15.6
 361/14 30 -37.1  5.2 361/15  5 -36.5 17.0 14 46 -80.9   8.9  0.838   7.4
 361/15 22  35.2 16.8 361/15 53  36.5  4.9 15 37  84.1   7.0  0.873   6.1
 361/16 10 -35.0  5.1 361/16 46 -37.0 16.9 16 26 -81.1  11.0  0.848   9.4
 361/17  4  36.8 17.0 361/17 34  35.6  5.0 17 18  85.3  32.4  1.046  33.9
 361/18 44  35.4 17.2 361/19 15  36.4  5.3 18 59  85.7  15.2  0.918  14.0
 361/19 32 -35.4  4.8 361/20  5 -37.4 17.0 19 48 -82.4  17.6  0.984  17.3
 361/20 24  37.1 17.2 361/20 57  36.4  5.5 20 40  83.8  43.1  1.142  49.2
 361/21 14 -36.4  4.7 361/21 46 -36.4 17.5 21 29 -78.9  54.0  0.850  45.9
 361/22  5  37.0 16.7 361/22 39  36.8  5.5 22 22  80.9  38.9  1.228  47.8
 361/22 56 -36.7  4.5 361/23 28 -37.3 17.9 23 12 -73.5  18.4  0.932  17.2
 362/ 0 38 -35.7  4.2 362/ 1 12 -36.2 17.6  0 55 -69.2  42.5  0.834  35.5
 362/ 1 31  36.1 15.8 362/ 2  3  37.4  5.0  1 48  74.5  10.1  1.385  14.0
 362/ 2 20 -35.4  4.0 362/ 2 55 -37.3 17.4  2 39 -67.4  16.7  1.123  18.8
 362/ 3 14  35.2 15.6 362/ 3 45  36.8  5.2  3 31  73.5   5.6  1.758   9.9
 362/ 4  3 -36.5  3.9 362/ 4 39 -35.6 17.5  4 23 -67.9  13.6  1.130  15.3
 362/ 4 58  37.0 16.1 362/ 5 27  37.1  5.9  5 13  74.2   3.9  1.887   7.4
 362/ 5 47 -35.6  4.2 362/ 6 22 -36.7 17.8  6  7 -71.3   9.0  1.050   9.4
 362/ 6 40  35.6 16.7 362/ 7 10  38.1  6.4  6 56  75.4   6.7  1.875  12.6
 362/ 7 32 -35.4  4.4 362/ 8  5 -36.0 17.7  7 50 -76.7  15.7  0.970  15.3
 362/ 8 22  36.0 16.9 362/ 8 55  37.4  6.1  8 38  77.2   8.7  1.261  10.9
 362/ 9 15 -36.2  4.9 362/ 9 47 -36.7 17.5  9 32 -82.6  13.6  1.010  13.7
 362/10  4  36.7 16.9 362/10 38  37.0  5.5 10 21  81.3  20.7  1.028  21.2
 362/10 56 -36.1  5.2 362/11 29 -36.6 17.3 11 13 -84.4  10.2  0.928   9.4
 362/11 46  37.4 16.9 362/12 19  36.8  5.2 12  3  85.5  19.0  0.936  17.8
 362/12 37 -37.4  5.3 362/13 11 -35.4 17.2 12 53 -82.4  16.1  0.908  14.6
 362/13 28  37.7 16.8 362/14  0  36.0  5.0 13 44  85.1  20.7  0.953  19.7
 362/14 17 -35.5  5.2 362/14 52 -37.6 17.0 14 34 -80.8  20.4  0.971  19.8
 362/15 10  37.4 16.7 362/15 41  35.2  4.9 15 25  84.1  33.2  1.058  35.2
 362/15 58 -36.4  5.1 362/16 34 -35.8 16.9 16 14 -81.3  27.0  1.037  28.0
 362/16 52  38.9 17.0 362/17 21  37.1  5.0 17  5  85.4  42.1  1.084  45.7
 362/18 32  36.6 17.2 362/19  2  37.7  5.2 18 46  86.1  37.9  1.078  40.8
 362/19 20 -37.2  4.8 362/19 53 -36.6 16.9 19 35 -82.9  21.2  0.979  20.7
 362/20 11  35.0 17.2 362/20 44  37.5  5.5 20 28  84.0  34.8  1.071  37.3
 362/21  1 -35.1  4.8 362/21 33 -37.7 17.5 21 17 -79.4  34.0  0.907  30.9
 362/21 52  35.9 16.8 362/22 26  37.9  5.5 22  9  81.3  24.2  1.003  24.3
 362/22 43 -35.6  4.6 362/23 16 -35.5 17.8 22 59 -74.0  14.7  0.990  14.5
 363/ 0 26 -37.7  4.2 363/ 0 59 -36.7 17.7  0 42 -69.6   4.2  1.376   5.7
 363/ 1 18  35.5 15.9 363/ 1 51  35.5  5.0  1 35  74.7   6.9  1.369   9.5
 363/ 2  8 -37.1  3.9 363/ 2 43 -35.3 17.3  2 26 -67.4   2.1  2.364   4.9
 363/ 3  2  37.3 15.5 363/ 3 32  38.1  5.1  3 18  73.6   3.8  1.764   6.6
 363/ 3 50 -35.9  3.9 363/ 4 26 -36.2 17.5  4 10 -67.7   1.7  2.505   4.3
 363/ 4 45  36.3 16.0 363/ 5 14  38.4  5.8  5  1  74.1   4.6  1.957   9.0
 363/ 5 34 -35.7  4.1 363/ 6  9 -37.3 17.8  5 55 -70.8   8.3  1.067   8.9
 363/ 6 28  37.4 16.6 363/ 6 58  35.2  6.3  6 43  75.3   6.0  1.902  11.4
 363/ 7 19 -35.1  4.3 363/ 7 52 -37.0 17.7  7 37 -76.0  16.0  0.966  15.4
 363/ 8 10  37.8 16.8 363/ 8 42  37.5  6.1  8 25  77.0   6.2  1.348   8.4
 363/ 9  2 -35.0  4.8 363/ 9 34 -37.9 17.5  9 19 -82.0  12.4  1.014  12.6
 363/ 9 51  35.4 16.9 363/10 26  35.3  5.5 10  8  80.7   7.4  0.936   6.9
 363/10 44 -37.4  5.2 363/11 16 -37.9 17.3 11  0 -84.8   8.3  0.925   7.7
 363/11 33  36.1 16.9 363/12  7  35.3  5.2 11 50  85.0   9.3  0.828   7.7
 363/12 24 -35.9  5.3 363/12 58 -36.7 17.2 12 41 -82.6   6.7  0.852   5.7
 363/13 15  36.6 16.8 363/13 47  37.7  5.0 13 32  85.4  10.2  0.854   8.7
 363/14  5 -36.8  5.2 363/14 40 -36.0 17.1 14 21 -81.0   6.8  0.838   5.7
 363/14 57  36.1 16.7 363/15 28  36.8  4.9 15 12  84.2   9.2  0.867   7.9
 363/15 46 -37.9  5.2 363/16 21 -37.2 16.9 16  1 -81.3   9.9  0.837   8.3
 363/16 39  37.0 16.9 363/17  9  35.7  5.0 16 53  84.9  20.0  0.974  19.5
 363/18 20  38.1 17.2 363/18 50  35.9  5.2 18 34  86.1  17.8  0.943  16.8
 363/19  7 -35.7  4.9 363/19 41 -35.8 16.8 19 22 -82.7  26.8  0.999  26.8
 363/19 59  36.1 17.2 363/20 32  35.6  5.4 20 15  84.2  31.0  1.047  32.4
 363/20 49 -37.0  4.7 363/21 21 -36.3 17.4 21  4 -80.1  32.8  0.923  30.3
 363/21 40  37.6 16.8 363/22 14  36.0  5.5 21 57  81.7  39.4  1.181  46.5
 364/ 0 13 -36.7  4.3 364/ 0 46 -37.1 17.8  0 29 -70.1  15.0  0.979  14.7
 364/ 1  6  37.7 15.8 364/ 1 38  36.7  5.0  1 22  75.0  17.5  1.436  25.1
 364/ 1 55 -36.1  4.0 364/ 2 30 -35.8 17.3  2 13 -67.6  46.4  0.909  42.2
 364/ 2 49  36.7 15.5 364/ 3 20  36.1  5.0  3  5  73.6   8.9  1.707  15.2
 364/ 3 37 -35.3  3.9 364/ 4 13 -36.8 17.5  3 57 -67.6   7.9  1.480  11.7
 364/ 4 32  35.6 15.9 364/ 5  2  35.9  5.7  4 48  73.9   5.5  1.977  11.0
 364/ 5 21 -35.8  4.1 364/ 5 57 -35.1 17.7  5 42 -70.1   3.3  1.322   4.4
 364/ 6 15  36.4 16.5 364/ 6 45  35.6  6.2  6 30  75.1   5.2  1.901   9.9
 364/ 7  6 -35.1  4.3 364/ 7 39 -38.0 17.8  7 25 -75.4   3.7  1.176   4.4
 364/ 7 57  36.6 16.8 364/ 8 30  35.0  6.1  8 13  76.5   2.5  1.407   3.5
 364/ 8 50 -36.8  4.7 364/ 9 22 -35.8 17.5  9  6 -81.3   6.1  1.036   6.3
 364/ 9 39  37.2 16.9 364/10 13  36.4  5.6  9 56  80.2   4.3  0.970   4.2
 364/10 31 -35.9  5.2 364/11  4 -36.0 17.4 10 48 -84.4   3.5  0.924   3.2
 364/11 21  38.0 16.9 364/11 54  37.0  5.2 11 38  84.8   6.7  0.839   5.6
 364/12 12 -37.1  5.3 364/12 46 -35.0 17.2 12 29 -82.9   3.4  0.848   2.9
 364/13  2  35.4 16.8 364/13 35  36.2  5.0 13 19  85.3   4.5  0.823   3.7
 364/13 52 -35.2  5.2 364/14 27 -37.1 17.0 14  9 -80.9   4.2  0.810   3.4
 364/14 45  38.2 16.7 364/15 16  35.4  4.9 14 60  84.3  11.4  0.884  10.1
 364/15 33 -36.1  5.1 364/16  9 -35.9 16.9 15 49 -81.0   7.2  0.836   6.0
 365/17 55  39.4 17.1 365/18 25  35.7  5.1 18  9  84.8  11.0  0.897   9.9
 365/18 42 -35.9  4.9 365/19 16 -36.8 16.7 18 57 -82.8  10.6  0.916   9.7
 365/19 35  37.9 17.2 365/20  6  37.7  5.4 19 50  85.3  19.7  0.954  18.8
 365/20 24 -37.6  4.7 365/20 56 -36.4 17.2 20 39 -81.3  12.8  1.017  13.0
 365/21 14  35.0 17.0 365/21 49  35.1  5.4 21 31  82.1  10.4  0.832   8.7
 365/22  5 -35.1  4.7 365/22 38 -35.1 17.7 22 21 -76.0  14.7  1.015  14.9
