1                       ***** SUMMARY LISTING *****
    SATELLITE ID       14            START OF FILE  2005   1/ 0 29  0
0+-------START-------++--------END--------++---PEAK---++----GIGAWATTS---+
 GMT       CMLAT MLT  GMT       CMLAT MLT  GMT   CMLAT MEAS  CORR   POWER
   1/ 0 29 -38.1  6.4   1/ 1  1 -35.7 19.5  0 44 -75.6   6.8  1.011   6.9
   1/ 1 20  36.7 18.2   1/ 1 54  35.5  7.0  1 37  79.0   8.4  1.408  11.8
   1/ 2 11 -37.5  6.0   1/ 2 44 -35.9 19.4  2 27 -70.8   2.5  1.435   3.6
   1/ 3 53 -37.3  6.0   1/ 4 27 -36.9 19.7  4 10 -68.2   5.2  1.573   8.1
   1/ 5 35 -37.4  6.5   1/ 6 10 -37.6 20.1  5 54 -68.1  38.4  0.915  35.1
   1/ 6 29  35.2 18.5   1/ 6 59  36.3  8.0  6 45  74.7   8.9  4.024  35.7
   1/ 7 18 -36.8  6.5   1/ 7 54 -35.3 20.0  7 39 -70.3  14.2  0.874  12.4
   1/ 9  3 -36.9  6.3   1/ 9 36 -37.9 19.8  9 22 -75.3   6.9  0.985   6.8
   1/10 46 -35.2  6.7   1/11 19 -35.4 19.5 11  3 -80.9   8.4  0.924   7.8
   1/12 28 -36.4  7.1   1/13  1 -35.0 19.3 12 45 -84.6   9.6  0.923   8.9
   1/14  9 -37.7  7.2   1/14 42 -36.5 19.0 14 25 -83.4  13.7  0.997  13.7
   1/15 49 -36.4  7.2   1/16 24 -35.4 19.0 16  5 -81.1   6.5  1.043   6.8
   1/17 30 -37.9  7.2   1/18  5 -37.3 19.0 17 45 -81.0  11.9  1.080  12.9
   1/19 10 -36.1  7.1   1/19 46 -36.2 18.8 19 26 -81.8  33.8  1.143  38.6
   1/22 32 -35.7  6.8   1/23  5 -36.1 19.2 22 47 -81.1  12.9  0.894  11.5
   2/ 0 14 -36.7  6.5   2/ 0 46 -36.8 19.5  0 29 -76.3   3.3  1.130   3.7
   2/ 1  5  35.8 18.3   2/ 1 39  36.9  7.1  1 22  79.5   5.1  1.306   6.7
   2/ 1 56 -36.3  6.1   2/ 2 29 -36.5 19.5  2 12 -71.4  47.6  0.761  36.3
   2/ 3 38 -36.0  6.0   2/ 4 12 -37.5 19.6  3 55 -68.5  14.4  1.165  16.8
   2/ 4 32  37.7 17.8   2/ 5  3  35.9  7.4  4 48  74.5  11.3  3.914  44.1
   2/ 5 20 -36.3  6.5   2/ 5 56 -35.5 19.9  5 39 -67.9  12.4  1.194  14.8
   2/ 7  3 -36.5  6.6   2/ 7 39 -36.1 20.0  7 24 -69.9  69.9  0.712  49.8
   2/ 7 57  35.0 18.7   2/ 8 27  35.3  8.2  8 13  75.6   8.1  3.160  25.5
   2/ 8 48 -36.9  6.3   2/ 9 22 -36.0 19.8  9  7 -74.3  88.4  0.649  57.4
   2/10 32 -36.8  6.6   2/11  4 -36.8 19.5 10 49 -80.3  57.3  0.725  41.6
   2/12 14 -37.6  7.0   2/12 46 -36.6 19.3 12 30 -84.8   6.4  0.958   6.1
   2/13 54 -35.9  7.2   2/14 28 -35.0 19.1 14 11 -83.5   5.1  0.982   5.0
   2/15 35 -37.5  7.2   2/16  9 -36.7 19.0 15 51 -81.4  41.7  1.270  53.0
   2/17 15 -35.8  7.2   2/17 51 -36.0 19.0 17 31 -80.6  21.7  1.153  25.0
   2/18 56 -37.3  7.1   2/19 32 -35.6 18.8 19 11 -81.8  17.1  1.086  18.6
   2/22 18 -37.4  6.8   2/22 51 -35.3 19.1 22 33 -81.7  31.8  0.833  26.5
   3/ 0  0 -38.5  6.5   3/ 0 32 -35.3 19.5  0 15 -77.1  21.8  0.806  17.6
   3/ 1 41 -35.1  6.2   3/ 2 14 -37.1 19.5  1 57 -72.0  12.9  0.932  12.0
   3/ 3 24 -37.6  5.9   3/ 3 58 -35.6 19.5  3 40 -68.7  29.6  0.937  27.7
   3/ 5  5 -35.2  6.4   3/ 5 41 -36.3 19.9  5 25 -67.9  35.3  0.933  32.9
   3/ 6 48 -36.1  6.6   3/ 7 24 -36.9 20.0  7  9 -69.5  24.1  0.838  20.2
   3/ 7 43  36.8 18.6   3/ 8 12  36.4  8.2  7 58  75.5   9.3  3.289  30.7
   3/ 8 32 -35.0  6.4   3/ 9  7 -37.0 19.8  8 52 -73.6  35.8  0.729  26.1
   3/13 40 -36.8  7.2   3/14 13 -36.7 19.1 13 57 -84.1  29.9  0.998  29.9
   3/15 20 -35.6  7.2   3/15 55 -35.2 19.0 15 37 -81.3  17.8  1.089  19.4
   3/17  1 -37.0  7.2   3/17 36 -37.3 19.0 17 17 -80.7  13.6  1.095  14.9
   3/18 41 -35.2  7.1   3/19 17 -37.3 18.8 18 57 -81.3  35.3  1.218  43.0
   3/22  3 -35.7  6.9   3/22 36 -37.3 19.1 22 18 -81.9   6.3  0.978   6.1
   4/ 1 27 -37.0  6.2   4/ 2  0 -35.2 19.5  1 43 -72.6  39.3  0.756  29.7
   4/ 3  9 -36.3  5.9   4/ 3 43 -36.2 19.5  3 26 -69.0  22.8  0.942  21.4
   4/ 4  2  36.3 17.8   4/ 4 34  35.9  7.2  4 19  74.8  11.4  3.419  38.9
   4/ 4 51 -36.7  6.3   4/ 5 26 -37.0 19.9  5 10 -67.8  21.8  1.033  22.5
   4/ 5 45  35.8 18.2   4/ 6 15  37.8  7.8  6  1  74.4   5.0  4.165  20.9
   4/ 6 33 -35.5  6.6   4/ 7  9 -37.7 20.1  6 54 -69.2  12.2  1.009  12.3
   4/ 8 17 -35.1  6.4   4/ 8 53 -35.0 19.8  8 38 -72.7  11.4  0.909  10.4
   4/ 9 10  35.4 18.8   4/ 9 41  35.3  8.3  9 26  76.5   8.3  2.502  20.9
   4/10  2 -35.5  6.4   4/10 35 -36.4 19.6 10 20 -78.5  17.7  0.845  14.9
   4/13 25 -35.0  7.1   4/13 59 -35.2 19.1 13 42 -84.0  15.6  0.956  14.9
   4/15  6 -36.6  7.2   4/15 40 -36.6 19.0 15 23 -81.8  18.8  1.077  20.3
   4/16 46 -35.0  7.1   4/17 22 -36.0 19.0 17  3 -80.4  17.3  1.115  19.3
   4/18 27 -36.4  7.1   4/19  3 -36.4 18.8 18 43 -81.3  57.5  1.394  80.1
   4/21 49 -37.3  6.9   4/22 22 -36.6 19.0 22  4 -82.5  19.1  0.904  17.3
   5/ 1 12 -35.7  6.3   5/ 1 45 -36.0 19.5  1 28 -73.3  22.5  0.799  18.0
   5/ 2 54 -35.1  5.9   5/ 3 28 -36.8 19.5  3 11 -69.4  27.9  0.887  24.8
   5/ 4 36 -35.5  6.3   5/ 5 12 -35.0 19.7  4 55 -67.8  29.4  0.978  28.8
   5/ 6 19 -37.2  6.5   5/ 6 55 -35.5 20.0  6 39 -68.7  23.7  0.906  21.5
   5/ 8  2 -35.0  6.5   5/ 8 38 -36.0 19.9  8 23 -72.1  53.0  0.697  36.9
   5/ 9 47 -35.1  6.4   5/10 20 -37.7 19.6 10  5 -77.8  27.8  0.764  21.2
   5/11 30 -35.8  6.8   5/12  2 -37.8 19.4 11 47 -83.5  19.9  0.866  17.2
   5/13 11 -35.9  7.1   5/13 44 -36.8 19.1 13 28 -84.6  79.4  1.018  80.8
   5/14 52 -37.6  7.2   5/15 26 -35.1 19.0 15  8 -82.2  12.4  1.035  12.8
   5/16 32 -36.1  7.1   5/17  7 -37.3 19.0 16 48 -80.6  19.4  1.136  22.0
   5/18 13 -37.5  7.1   5/18 49 -35.5 18.9 18 28 -81.3  16.7  1.095  18.3
   5/21 34 -35.6  6.9   5/22  8 -36.1 18.9 21 50 -82.4   5.1  0.978   5.0
   6/ 0 58 -37.5  6.3   6/ 1 30 -36.7 19.5  1 13 -74.0   3.0  1.217   3.6
   6/ 2 40 -36.8  5.9   6/ 3 13 -37.4 19.5  2 56 -69.9   3.4  1.428   4.8
   6/ 4 22 -36.9  6.1   6/ 4 57 -35.7 19.7  4 40 -67.9   7.0  1.439  10.1
   6/ 6  4 -36.5  6.5   6/ 6 40 -36.3 20.0  6 24 -68.5   8.5  1.237  10.5
   6/ 7 48 -36.9  6.4   6/ 8 23 -36.8 19.9  8  8 -71.6   6.0  1.050   6.3
   6/ 8 41  35.6 18.7   6/ 9 11  36.4  8.3  8 57  76.2   1.9  2.517   4.8
   6/ 9 33 -37.0  6.3   6/10  6 -35.8 19.6  9 51 -76.8   3.8  1.058   4.0
   6/11 16 -37.3  6.7   6/11 48 -36.0 19.4 11 32 -82.7   2.9  1.007   2.9
   6/12 57 -36.9  7.1   6/13 30 -35.3 19.1 13 14 -84.7   2.6  0.942   2.5
   6/14 37 -35.6  7.1   6/15 11 -36.6 19.0 14 54 -82.4   2.4  0.949   2.3
   6/16 18 -37.1  7.1   6/16 53 -35.8 19.0 16 34 -80.9   3.5  1.014   3.6
   6/17 58 -35.4  7.1   6/18 34 -37.1 18.9 18 14 -80.8   5.1  1.032   5.2
   6/21 20 -37.1  6.9   6/21 54 -35.6 18.9 21 35 -82.8   5.9  0.955   5.6
   6/23  1 -35.4  6.7   6/23 34 -35.5 19.3 23 17 -79.9   3.7  1.046   3.9
   7/ 0 43 -36.1  6.4   7/ 1 16 -35.0 19.5  0 59 -74.7   3.0  1.189   3.6
   7/ 2 25 -35.5  6.0   7/ 2 59 -35.5 19.4  2 41 -70.3   3.4  1.371   4.7
   7/ 4  7 -35.6  6.1   7/ 4 42 -36.4 19.6  4 25 -68.1   6.2  1.502   9.4
   7/ 5 49 -35.5  6.5   7/ 6 25 -37.1 20.0  6  9 -68.3   8.3  1.320  11.0
   7/ 7 33 -36.9  6.4   7/ 8  8 -37.7 20.0  7 54 -71.1   6.5  1.041   6.8
   7/ 9 18 -36.7  6.3   7/ 9 51 -37.1 19.7  9 36 -76.1   4.3  1.042   4.5
   7/10  8  35.0 18.8   7/10 41  35.3  8.1 10 24  77.3   2.0  1.709   3.4
   7/11  1 -36.0  6.7   7/11 33 -37.5 19.4 11 18 -82.0   3.6  1.028   3.7
   7/11 50  36.2 18.8   7/12 24  37.0  7.5 12  7  80.6   2.7  1.109   3.0
   7/17 44 -36.5  7.1   7/18 20 -36.0 18.9 17 60 -80.9  16.8  1.098  18.4
   7/21  5 -35.3  6.9   7/21 40 -35.2 18.8 21 21 -82.5  14.4  0.909  13.1
   7/22 47 -37.1  6.7   7/23 19 -37.3 19.2 23  2 -80.6  87.9  0.718  63.1
   8/ 0 29 -37.9  6.4   8/ 1  1 -36.0 19.5  0 44 -75.5  29.4  0.754  22.2
   8/ 2 11 -37.3  5.9   8/ 2 44 -36.1 19.4  2 27 -70.8   4.1  1.263   5.2
   8/ 3 53 -37.1  6.0   8/ 4 27 -37.1 19.6  4 10 -68.2  13.3  1.198  16.0
   8/ 5 35 -37.2  6.4   8/ 6 11 -35.0 19.9  5 55 -68.0   4.4  1.679   7.4
   8/ 9  3 -36.7  6.2   8/ 9 37 -35.1 19.6  9 22 -75.0   3.0  1.111   3.4
   8/10 46 -35.0  6.6   8/11 19 -35.7 19.4 11  4 -81.0   2.5  1.057   2.6
   8/19 10 -35.9  7.0   8/19 46 -36.4 18.7 19 26 -81.8   4.1  1.015   4.2
   9/ 0 14 -36.5  6.5   9/ 0 46 -37.0 19.5  0 29 -76.3   2.1  1.168   2.5
   9/ 1 56 -36.1  6.0   9/ 2 29 -36.7 19.5  2 12 -71.4   1.8  1.473   2.7
   9/ 5 20 -36.1  6.4   9/ 5 56 -35.8 19.9  5 40 -67.9   4.4  1.674   7.4
   9/ 7  3 -36.3  6.5   9/ 7 39 -36.4 19.9  7 24 -70.0   4.2  1.199   5.1
   9/ 7 58  37.7 18.6   9/ 8 27  35.6  8.2  8 13  75.7   1.8  2.422   4.3
   9/ 8 48 -36.7  6.2   9/ 9 22 -36.3 19.7  9  7 -74.3   3.0  1.131   3.3
   9/12 14 -37.4  7.0   9/12 46 -36.8 19.2 12 30 -84.8   1.9  0.921   1.8
   9/17 15 -35.6  7.1   9/17 51 -36.2 18.9 17 31 -80.6   2.8  0.974   2.8
   9/18 56 -37.1  7.0   9/19 32 -35.7 18.8 19 11 -81.8   3.6  1.015   3.7
   9/22 18 -37.1  6.8   9/22 51 -35.5 19.1 22 33 -81.7   2.7  1.005   2.7
  10/ 1 42 -37.9  6.0  10/ 2 14 -37.3 19.5  1 57 -72.0   1.9  1.418   2.7
  10/ 3 24 -37.4  5.8  10/ 3 58 -35.8 19.4  3 41 -68.7   2.5  1.875   4.7
  10/ 5  5 -35.0  6.4  10/ 5 41 -36.5 19.8  5 25 -67.9   4.9  1.592   7.8
  10/ 8 44 -60.1  5.2  10/ 9  7 -37.3 19.8  8 52 -75.4   1.6  1.219   1.9
  10/11  7  37.9 18.8  10/11 40  36.9  7.7 11 23  79.0   1.9  1.202   2.2
  10/12 48  35.9 18.8  10/13 22  37.1  7.2 13  5  83.1   2.0  0.983   2.0
  10/15 20 -35.4  7.1  10/15 55 -35.4 19.0 15 37 -81.3   2.4  0.969   2.4
  10/18 41 -35.0  7.0  10/19 17 -37.4 18.7 18 57 -81.2   4.6  1.014   4.6
  10/20 26 -49.8  6.9  10/20 57 -36.6 18.7 20 37 -85.1   7.9  0.984   7.8
  10/22  3 -35.5  6.8  10/22 36 -37.5 19.0 22 19 -81.9  18.8  0.884  16.6
  11/ 1 27 -36.7  6.1  11/ 2  0 -35.5 19.4  1 43 -72.6   2.5  1.309   3.2
  11/ 3  9 -36.1  5.9  11/ 3 43 -36.4 19.4  3 26 -69.0   4.0  1.514   6.0
  11/ 4 51 -36.5  6.2  11/ 5 26 -37.2 19.8  5 10 -67.8  21.8  1.033  22.5
  11/11 45 -37.0  6.8  11/12 17 -36.6 19.3 12  1 -84.0   2.8  0.951   2.7
  11/16 47 -37.9  7.1  11/17 22 -36.2 18.9 17  3 -80.8  11.6  1.067  12.4
  11/18 27 -36.2  7.0  11/19  3 -36.6 18.8 18 43 -81.3   7.7  1.041   8.0
  11/21 49 -37.1  6.8  11/22 22 -36.8 18.9 22  4 -82.4  10.7  0.920   9.8
  12/ 1 12 -35.4  6.2  12/ 1 45 -36.2 19.5  1 28 -73.2   4.0  1.165   4.7
  12/ 2 55 -37.7  5.8  12/ 3 28 -37.0 19.4  3 11 -69.4  13.1  1.041  13.7
  12/ 3 47  35.3 17.7  12/ 4 19  37.7  7.1  4  4  75.0   6.2  3.127  19.5
  12/ 4 36 -35.3  6.2  12/ 5 12 -35.2 19.7  4 55 -67.9   9.3  1.304  12.1
  12/ 6 19 -37.0  6.5  12/ 6 55 -35.8 19.9  6 39 -68.8   5.7  1.291   7.4
  12/11 30 -35.6  6.8  12/12  2 -38.1 19.3 11 47 -83.5  11.1  0.904  10.1
  12/14 52 -37.4  7.1  12/15 26 -35.3 18.9 15  8 -82.2   4.4  1.035   4.5
  12/16 32 -35.9  7.1  12/17  7 -37.5 18.9 16 48 -80.6   7.0  1.046   7.3
  12/18 13 -37.3  7.0  12/18 49 -35.7 18.8 18 28 -81.3  11.0  1.053  11.6
  12/21 34 -35.4  6.8  12/22  8 -36.2 18.9 21 50 -82.4  10.6  0.932   9.8
  13/ 0 58 -37.3  6.2  13/ 1 30 -36.9 19.5  1 13 -74.0   6.2  1.056   6.5
  13/ 2 40 -36.6  5.9  13/ 3 14 -35.2 19.3  2 56 -69.8   4.7  1.319   6.2
  13/ 4 22 -36.7  6.1  13/ 4 57 -35.9 19.6  4 40 -67.9  26.3  1.000  26.3
  13/ 5 18  42.2 17.8  13/ 5 46  38.0  7.6  5 32  74.6   9.6  4.209  40.3
  13/ 6  4 -36.3  6.5  13/ 6 40 -36.6 19.9  6 24 -68.5  11.8  1.106  13.0
  13/12 57 -36.7  7.0  13/13 30 -35.5 19.1 13 14 -84.7   2.8  0.948   2.6
  13/14 37 -35.5  7.1  13/15 11 -36.8 18.9 14 54 -82.4   5.7  1.026   5.9
  13/16 18 -36.9  7.1  13/16 53 -36.0 18.9 16 34 -80.8   5.3  1.032   5.5
  13/17 58 -35.2  7.0  13/18 34 -37.2 18.8 18 14 -80.8   9.6  1.054  10.1
  13/21 20 -36.9  6.8  13/21 54 -35.8 18.8 21 35 -82.8  15.4  0.920  14.2
  13/23  1 -35.2  6.7  13/23 34 -35.7 19.2 23 17 -79.8  11.0  0.914  10.0
  14/ 0 43 -35.9  6.3  14/ 1 16 -35.2 19.4  0 59 -74.6  17.5  0.838  14.7
  14/ 2 25 -35.3  5.9  14/ 2 59 -35.8 19.3  2 41 -70.2   5.3  1.236   6.5
  14/ 4  7 -35.4  6.0  14/ 4 42 -36.6 19.6  4 25 -68.1   6.5  1.484   9.7
  14/ 5  4  44.1 17.6  14/ 5 32  36.3  7.4  5 17  74.7  14.1  5.013  70.7
  14/ 5 49 -35.4  6.5  14/ 6 25 -37.3 19.9  6  9 -68.3  18.2  1.043  18.9
  14/ 7 33 -36.7  6.4  14/ 8  9 -35.0 19.8  7 54 -70.9   6.5  1.043   6.8
  14/ 9 18 -36.5  6.2  14/ 9 51 -37.3 19.6  9 36 -76.1   3.7  1.068   3.9
  14/10  9  37.9 18.7  14/10 41  35.5  8.0 10 24  77.4   2.8  1.760   5.0
  14/11  1 -35.8  6.6  14/11 33 -37.7 19.4 11 18 -82.1   3.1  1.040   3.2
  14/12 42 -35.0  7.0  14/13 15 -37.1 19.1 12 59 -84.8   2.9  0.955   2.7
  14/16  3 -35.0  7.1  14/16 38 -37.3 18.9 16 20 -80.7   2.5  0.971   2.4
  14/17 44 -36.4  7.0  14/18 20 -36.1 18.8 17 60 -80.9   3.7  0.993   3.6
  14/22 47 -36.9  6.7  14/23 19 -37.5 19.2 23  2 -80.6  27.7  0.811  22.4
  15/ 0 29 -37.7  6.3  15/ 1  1 -36.2 19.5  0 44 -75.5  17.8  0.837  14.9
  15/ 1 20  36.2 18.1  15/ 1 54  36.0  7.0  1 37  78.9  27.6  1.679  46.3
  15/ 2 11 -37.1  5.9  15/ 2 44 -36.3 19.4  2 27 -70.8  29.4  0.819  24.0
  15/ 3 53 -36.9  5.9  15/ 4 27 -37.3 19.6  4 10 -68.2   6.0  1.516   9.2
  15/ 5 35 -37.0  6.4  15/ 6 11 -35.2 19.8  5 55 -68.0  22.9  1.019  23.4
  15/ 7 18 -36.4  6.4  15/ 7 54 -35.8 19.8  7 39 -70.4  11.2  0.931  10.5
  15/ 9  3 -36.5  6.2  15/ 9 37 -35.3 19.6  9 22 -75.1  21.3  0.806  17.2
  15/10 47 -37.4  6.5  15/11 19 -35.9 19.4 11  4 -81.2  10.8  0.904   9.8
  15/12 28 -36.0  7.0  15/13  1 -35.5 19.1 12 45 -84.6   5.1  0.969   4.9
  15/14  9 -37.4  7.1  15/14 42 -36.9 18.9 14 26 -83.4   4.6  0.998   4.6
  15/15 49 -36.0  7.1  15/16 24 -35.8 18.9 16  6 -81.0   5.4  1.037   5.6
  15/17 30 -37.5  7.1  15/18  6 -35.0 18.9 17 46 -80.9   8.8  1.050   9.2
  15/19 10 -35.7  7.0  15/19 46 -36.5 18.7 19 26 -81.8  18.0  1.068  19.2
  15/22 32 -35.3  6.7  15/23  5 -36.5 19.1 22 48 -81.0   8.9  0.916   8.1
  16/ 0 14 -36.3  6.4  16/ 0 46 -37.2 19.5  0 30 -76.2   3.6  1.114   4.0
  16/ 1  5  35.3 18.3  16/ 1 39  37.3  7.0  1 22  79.4   5.1  1.306   6.7
  16/ 1 56 -35.9  6.0  16/ 2 29 -36.9 19.4  2 12 -71.3  27.3  0.812  22.2
  16/ 3 38 -35.6  5.9  16/ 4 13 -35.4 19.4  3 55 -68.4   4.6  1.647   7.6
  16/ 4 34  42.8 17.5  16/ 5  3  36.4  7.2  4 48  74.7   6.5  3.721  24.3
  16/ 5 20 -35.9  6.3  16/ 5 56 -36.0 19.8  5 40 -67.9   6.7  1.456   9.8
  16/ 6 15  36.7 18.2  16/ 6 44  38.5  7.8  6 31  74.7   2.2  2.973   6.4
  16/ 7 58  37.5 18.5  16/ 8 27  35.9  8.1  8 13  75.7   5.0  3.064  15.4
  16/ 9 40  37.9 18.7  16/10 11  35.5  8.1  9 55  77.0   8.5  2.183  18.6
  16/10 32 -36.4  6.4  16/11  4 -37.3 19.4 10 49 -80.5  16.4  0.861  14.1
  16/12 14 -37.2  6.9  16/12 46 -37.0 19.2 12 30 -84.8  26.9  0.893  24.0
  16/13 54 -35.5  7.1  16/14 28 -35.5 18.9 14 11 -83.4  27.2  1.008  27.4
  16/15 35 -37.1  7.1  16/16  9 -37.1 18.9 15 51 -81.4   5.6  1.035   5.8
  16/17 15 -35.4  7.0  16/17 51 -36.4 18.9 17 31 -80.5  14.1  1.082  15.2
  16/18 56 -36.9  7.0  16/19 32 -35.9 18.7 19 11 -81.8   4.6  1.017   4.7
  16/22 18 -36.9  6.7  16/22 51 -35.6 19.0 22 33 -81.6  10.6  0.911   9.7
  17/ 0  0 -38.0  6.4  17/ 0 32 -35.7 19.4  0 15 -77.0  21.5  0.811  17.4
  17/ 0 51  37.4 18.3  17/ 1 25  35.6  7.0  1  8  79.9  38.8  1.659  64.3
  17/ 1 42 -37.7  6.0  17/ 2 15 -35.1 19.4  1 57 -71.9   7.7  1.053   8.1
  17/ 2 34  37.1 17.7  17/ 3  7  35.6  6.8  2 51  76.6  21.2  2.421  51.3
  17/ 3 24 -37.2  5.8  17/ 3 58 -36.0 19.4  3 41 -68.7  34.7  0.906  31.5
  17/ 5  6 -37.4  6.2  17/ 5 41 -36.7 19.8  5 25 -67.9  12.1  1.203  14.5
  17/ 6  0  36.0 18.2  17/ 6 30  36.6  7.7  6 16  74.6   7.7  3.954  30.3
  17/ 6 48 -35.7  6.5  17/ 7 24 -37.4 19.9  7  9 -69.6   7.0  1.109   7.8
  17/ 7 43  36.4 18.5  17/ 8 12  37.0  8.1  7 58  75.5   6.8  3.270  22.4
  17/ 8 33 -36.5  6.2  17/ 9  7 -37.5 19.7  8 53 -73.8  29.1  0.749  21.8
  17/ 9 25  36.4 18.7  17/ 9 56  35.7  8.1  9 40  76.8   7.2  2.248  16.2
  17/10 17 -35.7  6.4  17/10 50 -35.5 19.4 10 35 -79.4  27.2  0.782  21.3
  17/11  7  37.7 18.7  17/11 29  68.7  9.2 11 23  79.6   6.5  1.377   9.0
  17/11 59 -35.6  6.8  17/12 32 -35.3 19.2 12 16 -84.1  33.4  0.857  28.6
  17/13 40 -36.5  7.1  17/14 13 -37.1 18.9 13 57 -84.0  21.4  1.009  21.6
  17/15 20 -35.2  7.0  17/15 55 -35.6 18.9 15 37 -81.3  26.9  1.124  30.2
  17/17  1 -36.6  7.0  17/17 37 -35.0 18.9 17 17 -80.6  44.5  1.418  63.1
  17/18 42 -38.1  7.0  17/19 18 -35.0 18.7 18 57 -81.8  29.7  1.161  34.5
  18/ 1 27 -36.5  6.1  18/ 2  0 -35.7 19.4  1 43 -72.5  84.5  0.692  58.4
  18/ 3  9 -35.9  5.8  18/ 3 43 -36.6 19.4  3 26 -69.0  13.8  1.071  14.8
  18/ 4 51 -36.4  6.2  18/ 5 26 -37.4 19.8  5 10 -67.8  24.2  1.013  24.5
  18/ 5 45  35.4 18.1  18/ 6 15  38.3  7.7  6  1  74.5  14.6  5.471  79.8
  18/ 6 33 -35.1  6.5  18/ 7 10 -35.2 19.8  6 54 -69.1  10.0  1.070  10.7
  18/ 7 28  35.4 18.5  18/ 7 57  38.4  8.1  7 44  75.3  75.5  4.614 348.4
  18/ 8 18 -36.6  6.2  18/ 8 53 -35.4 19.7  8 38 -72.8  38.4  0.721  27.7
  18/ 9 10  35.0 18.7  18/ 9 41  35.9  8.1  9 26  76.5  10.4  2.601  27.0
  18/10  2 -35.1  6.3  18/10 35 -36.8 19.4 10 20 -78.6  26.7  0.778  20.7
  18/11 45 -36.8  6.8  18/12 17 -36.8 19.2 12  2 -84.0   9.6  0.919   8.8
  18/13 26 -37.4  7.0  18/13 59 -35.6 19.0 13 42 -84.3   8.6  0.955   8.3
  18/15  6 -36.2  7.1  18/15 40 -37.0 18.9 15 23 -81.8  34.4  1.158  39.9
  18/16 47 -37.7  7.1  18/17 22 -36.4 18.9 17  3 -80.8  10.2  1.056  10.7
  18/18 27 -36.0  7.0  18/19  3 -36.7 18.7 18 43 -81.3   7.5  1.036   7.7
  18/21 49 -36.9  6.8  18/22 22 -36.9 18.9 22  4 -82.4  32.4  0.875  28.3
  19/ 1 12 -35.2  6.2  19/ 1 45 -36.4 19.5  1 28 -73.2  19.7  0.824  16.3
  19/ 2 55 -37.5  5.8  19/ 3 28 -37.2 19.4  3 11 -69.4  51.1  0.810  41.4
  19/ 3 47  35.1 17.7  19/ 4 19  37.9  7.0  4  4  75.0   6.3  3.134  19.8
  19/ 4 36 -35.1  6.2  19/ 5 12 -35.4 19.6  4 55 -67.8  19.2  1.062  20.4
  19/ 6 19 -36.8  6.4  19/ 6 55 -36.0 19.9  6 39 -68.8  28.8  0.876  25.3
  19/ 8  3 -36.6  6.2  19/ 8 38 -36.4 19.7  8 23 -72.3  29.9  0.750  22.4
  19/ 8 56  36.6 18.6  19/ 9 26  36.3  8.1  9 11  76.4   5.0  2.596  12.9
  19/ 9 48 -36.9  6.2  19/10 20 -38.1 19.5 10  6 -78.0  45.7  0.713  32.6
  19/13 11 -35.6  7.0  19/13 44 -37.2 19.0 13 28 -84.6  11.1  0.941  10.4
  19/14 52 -37.2  7.1  19/15 26 -35.5 18.9 15  8 -82.1  35.5  1.136  40.3
  19/16 32 -35.7  7.0  19/17  7 -37.6 18.9 16 48 -80.6  16.1  1.107  17.9
  19/18 13 -37.1  7.0  19/18 49 -35.8 18.8 18 28 -81.3  16.6  1.089  18.1
  19/21 34 -35.2  6.8  19/22  8 -36.3 18.8 21 50 -82.3  12.7  0.923  11.7
  20/ 0 58 -37.1  6.2  20/ 1 30 -37.1 19.5  1 13 -74.0   6.5  1.046   6.8
  20/ 3 33  37.1 17.6  20/ 4  5  36.3  6.9  3 49  75.3   4.8  2.923  13.9
  20/ 4 22 -36.6  6.0  20/ 4 57 -36.1 19.6  4 40 -67.9  13.2  1.187  15.7
  20/ 6  4 -36.1  6.4  20/ 6 40 -36.8 19.9  6 24 -68.5  16.0  1.035  16.5
  20/ 6 59  36.3 18.4  20/ 7 28  37.5  7.9  7 14  75.0 148.7  4.992 742.2
  20/ 7 48 -36.6  6.3  20/ 8 23 -37.3 19.8  8  8 -71.7 106.4  0.641  68.2
  20/ 8 41  35.2 18.6  20/ 9 11  37.0  8.1  8 57  76.2  76.2  3.705 282.5
  20/ 9 33 -36.6  6.2  20/10  6 -36.2 19.5  9 51 -76.9  58.1  0.692  40.2
  20/11 16 -36.8  6.6  20/11 48 -36.5 19.3 11 33 -82.7  50.0  0.783  39.1
  20/12 57 -36.6  7.0  20/13 30 -35.7 19.0 13 14 -84.7  32.0  0.925  29.6
  20/14 37 -35.3  7.0  20/15 11 -37.0 18.9 14 54 -82.4  25.1  1.067  26.8
  20/16 18 -36.7  7.0  20/16 53 -36.2 18.9 16 34 -80.8  65.2  1.452  94.6
  20/17 58 -35.0  7.0  20/18 34 -37.4 18.8 18 14 -80.8  46.3  1.390  64.3
  20/21 20 -36.7  6.8  20/21 54 -35.9 18.8 21 35 -82.7  19.4  0.927  18.0
  20/23  1 -35.0  6.6  20/23 34 -35.8 19.2 23 17 -79.7  22.3  0.819  18.3
  21/ 0 43 -35.7  6.3  21/ 1 16 -35.4 19.4  0 59 -74.6  35.1  0.744  26.1
  21/ 2 25 -35.1  5.9  21/ 2 59 -35.9 19.3  2 42 -70.2  19.5  0.901  17.5
  21/ 3 18  36.4 17.6  21/ 3 50  37.7  6.9  3 35  75.6  18.6  3.130  58.1
  21/ 4  7 -35.3  6.0  21/ 4 42 -36.8 19.6  4 25 -68.1  16.0  1.133  18.1
  21/ 5 49 -35.2  6.4  21/ 6 25 -37.5 19.9  6 10 -68.3  16.5  1.072  17.7
  21/ 6 44  35.4 18.3  21/ 7 14  35.4  7.8  6 60  74.8  11.2  4.413  49.6
  21/ 7 33 -36.5  6.3  21/ 8  9 -35.2 19.7  7 54 -70.9  14.5  0.862  12.5
  21/ 8 27  36.9 18.5  21/ 8 56  37.8  8.1  8 42  76.1  15.3  3.614  55.2
  21/ 9 18 -36.4  6.1  21/ 9 51 -37.5 19.5  9 36 -76.2  10.4  0.926   9.6
  21/12 43 -37.6  6.9  21/13 15 -37.3 19.1 12 59 -85.2  18.0  0.905  16.3
  21/14 23 -36.3  7.0  21/14 57 -35.5 18.9 14 40 -82.7   6.6  1.012   6.7
  21/16  4 -37.8  7.0  21/16 38 -37.5 18.9 16 20 -81.1  12.1  1.070  13.0
  21/17 44 -36.2  7.0  21/18 20 -36.3 18.8 17 60 -80.8  31.1  1.242  38.6
  21/21  6 -38.1  6.8  21/21 40 -35.4 18.7 21 21 -83.1  18.8  0.919  17.3
  21/22 47 -36.7  6.6  21/23 19 -37.6 19.1 23  2 -80.5   6.8  0.962   6.6
  22/ 0 29 -37.4  6.3  22/ 1  1 -36.3 19.4  0 44 -75.4   3.0  1.177   3.5
  22/ 2 11 -36.9  5.9  22/ 2 44 -36.5 19.4  2 27 -70.8  26.4  0.829  21.9
  22/ 3 53 -36.7  5.9  22/ 4 27 -37.5 19.5  4 10 -68.2  16.2  1.127  18.3
  22/ 5 35 -36.8  6.3  22/ 6 11 -35.4 19.8  5 55 -68.0  29.3  0.965  28.3
  22/ 7 18 -36.2  6.3  22/ 7 54 -36.0 19.8  7 39 -70.5  24.5  0.780  19.1
  22/ 9  3 -36.3  6.1  22/ 9 37 -35.5 19.5  9 22 -75.1  23.6  0.786  18.6
  22/10 47 -37.2  6.4  22/11 19 -36.1 19.3 11  4 -81.3  19.3  0.847  16.4
  22/11 36  37.5 18.7  22/12 10  35.7  7.4 11 52  80.0  21.8  1.577  34.3
  22/12 28 -35.8  6.9  22/13  1 -35.6 19.1 12 45 -84.7  16.7  0.906  15.1
  22/14  9 -37.2  7.0  22/14 42 -37.1 18.9 14 26 -83.3  41.0  1.048  43.0
  22/15 49 -35.9  7.0  22/16 24 -36.0 18.9 16  6 -80.9  38.9  1.286  50.1
  22/17 30 -37.3  7.0  22/18  6 -35.1 18.8 17 46 -80.9  10.5  1.060  11.1
  22/22 32 -35.1  6.7  22/23  5 -36.6 19.0 22 48 -80.9  19.1  0.865  16.6
  23/ 0 14 -36.1  6.4  23/ 0 46 -37.4 19.5  0 30 -76.1  26.4  0.769  20.3
  23/ 1 56 -35.7  6.0  23/ 2 29 -37.1 19.4  2 12 -71.3   4.9  1.192   5.9
  23/ 3 38 -35.4  5.9  23/ 4 13 -35.5 19.4  3 56 -68.4  13.3  1.200  15.9
  23/ 5 20 -35.8  6.3  23/ 5 56 -36.2 19.8  5 40 -68.0   4.6  1.641   7.6
  23/ 6 15  36.6 18.2  23/ 6 45  35.0  7.7  6 31  74.7   5.0  4.134  20.7
  23/ 7  3 -35.9  6.4  23/ 7 39 -36.8 19.8  7 24 -70.1   6.7  1.076   7.3
  23/ 7 58  37.4 18.5  23/ 8 27  36.1  8.0  8 13  75.7   4.9  3.057  15.0
  23/ 8 48 -36.3  6.1  23/ 9 22 -36.7 19.6  9  7 -74.5  10.6  0.927   9.8
  23/ 9 40  37.8 18.6  23/10 11  35.8  8.0  9 55  77.0   9.0  2.192  19.7
  23/10 32 -36.2  6.4  23/11  4 -37.5 19.3 10 49 -80.5   5.7  0.983   5.6
  23/15 35 -36.9  7.0  23/16  9 -37.2 18.8 15 51 -81.3   6.7  1.034   6.9
  23/17 15 -35.3  7.0  23/17 51 -36.5 18.8 17 31 -80.5   8.4  1.038   8.8
  23/18 56 -36.7  6.9  23/19 32 -35.9 18.7 19 11 -81.8   6.0  1.020   6.1
  24/ 0  0 -37.8  6.4  24/ 0 32 -35.8 19.4  0 15 -76.9  10.6  0.933   9.9
  24/ 1 42 -37.5  6.0  24/ 2 15 -35.2 19.3  1 57 -71.9   7.8  1.052   8.2
  24/ 3 24 -37.0  5.8  24/ 3 58 -36.2 19.4  3 41 -68.7   4.5  1.571   7.1
  24/ 4 17  36.4 17.7  24/ 4 49  35.0  7.1  4 33  74.6   7.8  3.537  27.6
  24/ 5  6 -37.3  6.2  24/ 5 41 -36.9 19.7  5 25 -67.9   4.5  1.659   7.5
  24/ 6 48 -35.5  6.4  24/ 7 24 -37.6 19.9  7  9 -69.6   4.8  1.232   5.9
  24/ 8 33 -36.3  6.1  24/ 9  7 -37.7 19.6  8 53 -73.8   5.5  1.037   5.7
  24/ 9 25  36.3 18.6  24/ 9 56  35.9  8.1  9 41  76.8   2.5  2.091   5.3
  24/10 17 -35.5  6.3  24/10 50 -35.6 19.3 10 35 -79.4   4.2  1.010   4.2
  24/15 20 -35.0  7.0  24/15 55 -35.7 18.9 15 37 -81.3   4.3  1.027   4.5
  24/17  1 -36.4  7.0  24/17 37 -35.1 18.8 17 17 -80.6  12.6  1.078  13.6
  24/18 42 -37.9  6.9  24/19 18 -35.1 18.7 18 57 -81.8  15.8  1.071  16.9
  24/22  3 -35.1  6.7  24/22 37 -35.0 18.9 22 19 -81.7   3.3  0.986   3.3
  25/ 1 27 -36.3  6.1  25/ 2  0 -35.8 19.4  1 43 -72.5   2.5  1.313   3.3
  25/ 3  9 -35.8  5.8  25/ 3 43 -36.8 19.4  3 26 -69.0   2.9  1.667   4.8
  25/ 4 51 -36.2  6.1  25/ 5 26 -37.6 19.7  5 10 -67.8   4.3  1.688   7.3
  25/ 6 34 -37.2  6.3  25/ 7 10 -35.4 19.8  6 54 -69.1   5.4  1.257   6.8
  25/ 8 18 -36.4  6.1  25/ 8 53 -35.6 19.6  8 38 -72.9   3.6  1.124   4.0
  25/15  6 -36.0  7.0  25/15 40 -37.1 18.8 15 23 -81.8   7.1  1.029   7.3
  25/16 47 -37.5  7.0  25/17 22 -36.5 18.8 17  3 -80.8   2.6  0.961   2.5
  25/21 49 -36.7  6.7  25/22 22 -37.0 18.8 22  4 -82.3   3.9  0.994   3.9
  26/ 2 55 -37.4  5.7  26/ 3 28 -37.4 19.4  3 11 -69.4   2.6  1.625   4.3
  26/ 3 48  37.7 17.6  26/ 4 19  38.1  7.0  4  4  75.1   4.8  3.115  15.1
  26/ 4 37 -37.6  6.0  26/ 5 12 -35.6 19.6  4 55 -67.8   4.3  1.693   7.3
  26/ 6 19 -36.7  6.4  26/ 6 55 -36.2 19.8  6 39 -68.8   4.5  1.386   6.3
  26/ 8  3 -36.5  6.2  26/ 8 38 -36.6 19.7  8 23 -72.3   4.0  1.118   4.4
  26/13 11 -35.4  7.0  26/13 44 -37.4 18.9 13 28 -84.6   2.8  0.934   2.6
  26/16 32 -35.5  7.0  26/17  8 -35.0 18.9 16 48 -80.6   2.4  0.959   2.3
  26/18 13 -37.0  7.0  26/18 49 -35.9 18.7 18 28 -81.2   2.9  0.972   2.8
  26/21 34 -35.0  6.7  26/22  8 -36.4 18.8 21 50 -82.2   2.8  0.964   2.7
  27/ 0 58 -36.9  6.2  27/ 1 30 -37.2 19.5  1 14 -73.9   2.2  1.260   2.7
  27/ 2 40 -36.2  5.8  27/ 3 14 -35.5 19.3  2 56 -69.8   2.6  1.551   4.0
  27/ 4 22 -36.4  6.0  27/ 4 57 -36.3 19.5  4 40 -67.9   3.7  1.788   6.6
  27/ 5 16  36.4 17.9  27/ 5 46  38.4  7.5  5 32  74.5   1.3  2.375   3.0
  27/ 6  4 -35.9  6.4  27/ 6 40 -36.9 19.8  6 25 -68.6   4.1  1.529   6.3
  27/ 7 48 -36.4  6.2  27/ 8 23 -37.5 19.7  8  9 -71.8   3.7  1.154   4.3
  27/ 9 33 -36.4  6.1  27/10  6 -36.4 19.4  9 51 -76.9   2.9  1.079   3.1
  27/10 23  36.1 18.6  27/10 47  62.2  8.9 10 39  78.5   1.4  1.447   2.0
  27/16 18 -36.6  7.0  27/16 53 -36.3 18.8 16 34 -80.8   2.2  0.947   2.1
  27/17 59 -38.1  7.0  27/18 34 -37.5 18.7 18 14 -81.2   3.2  0.990   3.1
  27/21 20 -36.5  6.7  27/21 54 -35.9 18.7 21 35 -82.7   3.0  0.963   2.9
  27/23  2 -38.1  6.6  27/23 34 -35.9 19.2 23 17 -80.0   2.6  1.086   2.8
  28/ 0 43 -35.5  6.3  28/ 1 16 -35.5 19.4  0 59 -74.5   1.9  1.237   2.4
  28/ 2 25 -35.0  5.9  28/ 2 59 -36.1 19.3  2 42 -70.2   2.7  1.476   3.9
  28/ 3 18  36.2 17.6  28/ 3 50  37.9  6.9  3 35  75.6   1.5  2.236   3.4
  28/ 4  7 -35.1  6.0  28/ 4 42 -37.0 19.5  4 25 -68.1   3.9  1.767   6.8
  28/ 5  1  35.7 17.9  28/ 5 32  36.7  7.3  5 17  74.4   1.8  2.693   4.9
  28/ 5 49 -35.0  6.4  28/ 6 25 -37.7 19.8  6 10 -68.3   4.5  1.600   7.2
  28/ 6 44  35.3 18.3  28/ 7 14  35.6  7.8  6 60  74.8   3.5  3.851  13.3
  28/ 7 33 -36.4  6.2  28/ 8  9 -35.3 19.7  7 54 -71.0   4.3  1.138   4.9
  28/ 9 18 -36.2  6.1  28/ 9 51 -37.6 19.5  9 36 -76.2   3.2  1.088   3.5
  28/11  1 -35.4  6.5  28/11 33 -38.0 19.2 11 18 -82.2   2.7  1.025   2.7
  28/12 43 -37.5  6.9  28/13 15 -37.4 19.0 12 59 -85.1   2.6  0.948   2.5
  28/17 44 -36.1  7.0  28/18 20 -36.3 18.7 17 60 -80.8   3.3  0.982   3.2
  28/22 47 -36.5  6.6  28/23 19 -37.7 19.1 23  2 -80.5   3.1  1.056   3.3
  29/ 0 29 -37.3  6.3  29/ 1  1 -36.4 19.4  0 44 -75.4  10.4  0.940   9.8
  29/ 1 20  35.9 18.1  29/ 1 54  36.3  6.9  1 37  78.9   5.0  1.408   7.0
  29/ 2 11 -36.7  5.9  29/ 2 44 -36.6 19.4  2 27 -70.8   2.5  1.447   3.6
  29/ 3 53 -36.6  5.9  29/ 4 28 -35.0 19.4  4 10 -68.1   2.7  1.967   5.4
  29/ 4 46  35.0 17.8  29/ 5 18  35.0  7.2  5  3  74.4   1.6  2.591   4.2
  29/ 5 35 -36.7  6.3  29/ 6 11 -35.6 19.7  5 55 -68.1   3.6  1.826   6.6
  29/ 6 30  37.2 18.2  29/ 6 59  37.2  7.8  6 45  74.9   1.6  2.549   4.0
  29/ 7 18 -36.1  6.3  29/ 7 54 -36.1 19.7  7 39 -70.5   3.4  1.236   4.2
  29/ 9  3 -36.2  6.1  29/ 9 37 -35.6 19.4  9 22 -75.2   3.1  1.107   3.4
  29/10 47 -37.1  6.4  29/11 19 -36.2 19.2 11  4 -81.3   5.0  0.984   4.9
  29/12 28 -35.7  6.8  29/13  1 -35.7 19.0 12 45 -84.7   2.3  0.927   2.1
  29/15 49 -35.7  7.0  29/16 24 -36.1 18.8 16  6 -80.9   6.7  1.037   6.9
  29/17 30 -37.2  7.0  29/18  6 -35.2 18.8 17 46 -80.9   2.7  0.959   2.6
  29/22 33 -38.2  6.6  29/23  5 -36.7 19.0 22 48 -81.2   3.1  1.048   3.2
  30/ 0 14 -35.9  6.4  30/ 0 46 -37.5 19.4  0 30 -76.1   6.1  1.023   6.3
  30/ 1 56 -35.5  6.0  30/ 2 29 -37.2 19.4  2 12 -71.3   3.3  1.327   4.3
  30/ 3 38 -35.3  5.9  30/ 4 13 -35.7 19.4  3 56 -68.4  25.1  1.020  25.6
  30/ 4 32  37.0 17.7  30/ 5  3  36.7  7.2  4 48  74.5  15.1  4.810  72.6
  30/ 5 20 -35.6  6.3  30/ 5 56 -36.3 19.7  5 40 -68.0   3.9  1.759   6.9
  30/ 6 15  36.5 18.1  30/ 6 45  35.2  7.7  6 31  74.6   4.7  4.138  19.6
  30/ 7  3 -35.8  6.3  30/ 7 39 -36.9 19.8  7 24 -70.1   9.9  0.982   9.7
  30/ 7 58  37.3 18.4  30/ 8 27  36.3  8.0  8 13  75.7   8.4  3.157  26.4
  30/ 8 48 -36.2  6.1  30/ 9 22 -36.8 19.5  9  7 -74.5   3.7  1.095   4.0
  30/ 9 40  37.7 18.6  30/10 11  36.0  8.0  9 55  77.0   3.3  2.035   6.8
  30/15 35 -36.8  7.0  30/16  9 -37.3 18.8 15 51 -81.3   3.2  1.006   3.3
  30/18 56 -36.6  6.9  30/19 32 -36.0 18.6 19 11 -81.7  10.6  1.037  11.0
  31/ 0  0 -37.6  6.4  31/ 0 32 -36.0 19.4  0 15 -76.9   1.9  1.146   2.2
  31/ 1 42 -37.4  6.0  31/ 2 15 -35.3 19.3  1 57 -71.9   6.1  1.124   6.9
  31/ 3 24 -36.9  5.8  31/ 3 58 -36.3 19.4  3 41 -68.7   3.3  1.743   5.7
  31/ 4 17  36.3 17.7  31/ 4 49  35.1  7.1  4 33  74.7   4.4  3.585  15.7
  31/ 5  6 -37.1  6.1  31/ 5 41 -37.0 19.7  5 25 -67.9   3.4  1.852   6.4
  31/ 6  0  35.8 18.1  31/ 6 30  37.0  7.6  6 16  74.5   1.7  2.608   4.4
  31/ 6 48 -35.4  6.4  31/ 7 24 -37.7 19.8  7  9 -69.7  11.1  0.997  11.0
  31/13 40 -36.2  7.0  31/14 13 -37.3 18.9 13 57 -84.0  15.9  0.997  15.8
  31/17  1 -36.3  7.0  31/17 37 -35.2 18.8 17 17 -80.6  14.4  1.091  15.7
  31/22  3 -35.0  6.7  31/22 37 -35.1 18.9 22 19 -81.7   2.4  0.959   2.3
  32/ 1 27 -36.2  6.1  32/ 2  0 -35.9 19.4  1 43 -72.5   4.0  1.199   4.8
  32/ 3  9 -35.6  5.8  32/ 3 43 -36.9 19.4  3 26 -69.0   2.0  1.879   3.8
  32/ 4  2  35.6 17.6  32/ 4 34  36.7  7.0  4 19  74.8   1.7  2.487   4.3
  32/ 4 51 -36.1  6.1  32/ 5 26 -37.7 19.7  5 10 -67.8   2.9  1.932   5.5
  32/ 5 45  35.1 18.1  32/ 6 16  35.1  7.5  6  1  74.4   1.3  2.367   3.1
  32/ 6 34 -37.1  6.3  32/ 7 10 -35.5 19.7  6 54 -69.1   2.9  1.499   4.4
  32/15  6 -35.9  7.0  32/15 40 -37.2 18.8 15 23 -81.7   2.2  0.953   2.1
  32/16 47 -37.4  7.0  32/17 22 -36.6 18.8 17  3 -80.8   5.3  1.026   5.5
  32/21 49 -36.5  6.7  32/22 22 -37.0 18.8 22  4 -82.3   2.0  0.929   1.8
  33/ 1 13 -38.0  6.1  33/ 1 45 -36.6 19.4  1 28 -73.2   1.7  1.308   2.3
  33/ 2 55 -37.2  5.8  33/ 3 29 -35.0 19.2  3 11 -69.3   1.8  1.780   3.3
  33/ 4 37 -37.5  6.0  33/ 5 12 -35.7 19.6  4 55 -67.8   2.5  2.016   5.1
  33/ 6 19 -36.5  6.3  33/ 6 55 -36.3 19.8  6 40 -68.8   2.6  1.632   4.3
  33/ 9 48 -36.6  6.1  33/10 21 -35.2 19.3 10  6 -77.8   4.5  1.033   4.7
  33/16 32 -35.4  7.0  33/17  8 -35.1 18.8 16 49 -80.5   2.2  0.942   2.0
  33/21 35 -38.1  6.7  33/22  8 -36.4 18.8 21 50 -82.8   2.6  0.948   2.5
  34/ 0 58 -36.7  6.2  34/ 1 30 -37.3 19.5  1 14 -73.9   1.9  1.274   2.4
  34/ 2 40 -36.0  5.8  34/ 3 14 -35.6 19.3  2 56 -69.7   1.7  1.744   3.0
  34/ 4 22 -36.3  6.0  34/ 4 57 -36.4 19.5  4 40 -67.9  28.6  0.980  28.0
  34/ 6  4 -35.8  6.3  34/ 6 40 -37.0 19.8  6 25 -68.6   3.3  1.607   5.3
  34/17 59 -38.0  6.9  34/18 34 -37.5 18.7 18 14 -81.2   5.7  1.026   5.9
  34/21 20 -36.4  6.7  34/21 54 -35.9 18.7 21 35 -82.6   2.1  0.921   1.9
  34/23  2 -38.0  6.5  34/23 34 -36.0 19.1 23 17 -79.9   1.8  1.100   2.0
  35/ 0 43 -35.4  6.3  35/ 1 16 -35.6 19.4  0 59 -74.5   1.7  1.247   2.1
  35/ 2 26 -37.8  5.8  35/ 2 59 -36.2 19.3  2 42 -70.2   1.6  1.673   2.7
  35/ 3 18  36.1 17.6  35/ 3 50  38.0  6.9  3 35  75.6   1.3  2.080   2.7
  35/ 4  7 -35.0  6.0  35/ 4 42 -37.1 19.5  4 25 -68.0   1.9  2.242   4.2
  35/ 5 50 -37.4  6.2  35/ 6 25 -37.8 19.8  6 10 -68.3   2.5  1.927   4.8
  35/ 7 33 -36.2  6.2  35/ 8  9 -35.4 19.6  7 54 -71.0   2.2  1.303   2.9
  35/ 9 18 -36.1  6.0  35/ 9 51 -37.7 19.4  9 37 -76.3   1.7  1.099   1.9
  35/21  6 -37.8  6.7  35/21 40 -35.5 18.6 21 21 -83.0   2.2  0.922   2.0
  36/ 0 29 -37.1  6.3  36/ 1  1 -36.5 19.4  0 44 -75.4   1.9  1.215   2.3
  36/ 2 11 -36.6  5.9  36/ 2 44 -36.7 19.4  2 27 -70.7   1.9  1.537   2.9
  36/ 3  3  35.4 17.6  36/ 3 36  36.3  6.8  3 20  75.8   1.6  2.197   3.4
  36/ 4 47  37.6 17.7  36/ 5 18  35.2  7.2  5  3  74.4   1.6  2.542   4.0
  36/ 5 35 -36.6  6.3  36/ 6 11 -35.7 19.7  5 55 -68.1   2.7  1.989   5.4
  36/ 7 18 -36.0  6.2  36/ 7 54 -36.3 19.7  7 39 -70.5   2.7  1.299   3.5
  36/10 47 -37.0  6.3  36/11 19 -36.3 19.2 11  4 -81.3   1.9  1.040   2.0
  36/15 49 -35.6  7.0  36/16 24 -36.2 18.8 16  6 -80.9   1.7  0.948   1.6
  36/17 30 -37.1  6.9  36/18  6 -35.2 18.8 17 46 -80.8   2.0  0.928   1.9
  37/ 0 14 -35.7  6.4  37/ 0 46 -37.6 19.4  0 30 -76.1   1.8  1.181   2.1
  37/ 1 56 -35.4  6.0  37/ 2 29 -37.3 19.4  2 12 -71.2   1.6  1.513   2.4
  37/ 3 38 -35.1  5.9  37/ 4 13 -35.8 19.4  3 56 -68.4   2.2  2.189   4.7
  37/ 5 20 -35.5  6.3  37/ 5 56 -36.4 19.7  5 40 -68.0   4.3  1.689   7.3
  37/ 6 15  36.4 18.1  37/ 6 45  35.4  7.6  6 31  74.6   2.2  3.008   6.7
  37/ 7  3 -35.6  6.3  37/ 7 39 -37.0 19.7  7 24 -70.1   9.8  0.984   9.6
  37/ 7 58  37.2 18.3  37/ 8 27  36.5  7.9  8 13  75.8   6.5  3.111  20.1
  37/ 8 48 -36.0  6.0  37/ 9 22 -36.9 19.5  9  7 -74.6   5.5  1.030   5.7
  37/12 14 -36.7  6.8  37/12 46 -37.4 19.0 12 31 -84.9   1.6  0.918   1.5
  37/13 54 -35.1  6.9  37/14 28 -35.8 18.8 14 11 -83.3   1.6  0.927   1.5
  37/15 35 -36.7  7.0  37/16  9 -37.4 18.8 15 51 -81.3   1.7  0.946   1.6
  37/18 56 -36.5  6.9  37/19 32 -36.0 18.6 19 11 -81.7   3.0  0.989   2.9
  37/22 18 -36.4  6.6  37/22 51 -35.8 18.9 22 33 -81.5   4.0  1.019   4.0
  38/ 0  0 -37.5  6.4  38/ 0 32 -36.0 19.4  0 15 -76.8   3.7  1.093   4.1
  38/ 1 42 -37.2  6.0  38/ 2 15 -35.4 19.4  1 58 -71.8   1.8  1.440   2.5
  38/ 3 24 -36.7  5.8  38/ 3 58 -36.4 19.4  3 41 -68.6   3.2  1.755   5.7
  38/ 5  6 -37.0  6.1  38/ 5 41 -37.1 19.7  5 25 -67.9   2.6  2.007   5.2
  38/ 6 48 -35.2  6.3  38/ 7 24 -37.8 19.8  7  9 -69.7   3.2  1.385   4.4
  39/ 1 27 -36.0  6.1  39/ 2  0 -36.0 19.4  1 43 -72.4   2.4  1.324   3.2
  39/ 3  9 -35.5  5.8  39/ 3 43 -37.0 19.4  3 26 -69.0  29.8  0.903  27.0
  39/ 4 51 -35.9  6.1  39/ 5 27 -35.0 19.6  5 10 -67.8  38.1  0.924  35.2
  39/ 6 34 -37.0  6.3  39/ 7 10 -35.6 19.7  6 54 -69.2  10.8  1.041  11.2
  39/ 8 18 -36.1  6.0  39/ 8 53 -35.8 19.5  8 38 -73.0   7.4  0.995   7.4
  40/ 0 26  49.9 18.2  40/ 0 56  35.6  7.1  0 39  81.1   7.6  1.211   9.3
  40/ 1 13 -37.9  6.1  40/ 1 45 -36.7 19.5  1 28 -73.1  13.2  0.895  11.8
  40/ 2 55 -37.1  5.8  40/ 3 29 -35.1 19.3  3 11 -69.3  11.0  1.093  12.0
  40/ 4 37 -37.4  6.0  40/ 5 12 -35.7 19.6  4 55 -67.8  26.1  1.007  26.2
  40/ 6 19 -36.4  6.3  40/ 6 55 -36.4 19.7  6 40 -68.9  25.4  0.887  22.6
  40/ 8  3 -36.2  6.1  40/ 8 38 -36.8 19.6  8 23 -72.4  16.0  0.839  13.4
  40/16 32 -35.3  6.9  40/17  8 -35.2 18.8 16 49 -80.5   7.5  1.037   7.7
  41/ 0 58 -36.6  6.2  41/ 1 30 -37.4 19.5  1 14 -73.8   8.5  0.984   8.3
  41/ 2 40 -35.9  5.9  41/ 3 14 -35.7 19.3  2 56 -69.7  11.8  1.031  12.2
  41/ 3 33  36.8 17.6  41/ 4  5  36.7  6.9  3 49  75.3  17.9  3.512  63.0
  41/ 4 22 -36.2  6.0  41/ 4 57 -36.5 19.5  4 40 -67.9   5.8  1.508   8.8
  41/ 6  4 -35.7  6.3  41/ 6 40 -37.1 19.8  6 25 -68.6  13.9  1.059  14.7
  41/ 7 48 -36.1  6.1  41/ 8 23 -37.7 19.6  8  9 -71.9  32.9  0.750  24.6
  41/ 9 33 -36.2  6.0  41/10  6 -36.6 19.3  9 51 -77.0  10.2  0.935   9.5
  41/14 37 -35.0  6.9  41/15 11 -37.2 18.8 14 54 -82.3  10.1  1.017  10.3
  41/21 20 -36.3  6.7  41/21 54 -36.0 18.7 21 35 -82.6   5.3  0.963   5.1
  41/23  2 -37.9  6.5  41/23 34 -36.0 19.1 23 17 -79.8   4.1  1.035   4.2
  42/ 0 43 -35.2  6.3  42/ 1 16 -35.7 19.4  0 59 -74.5   2.5  1.216   3.1
  42/ 4  8 -37.6  5.9  42/ 4 42 -37.1 19.5  4 25 -68.0  10.1  1.272  12.8
  42/ 5 50 -37.3  6.2  42/ 6 26 -35.0 19.7  6 10 -68.2  10.1  1.208  12.2
  42/ 9 18 -35.9  6.0  42/ 9 51 -37.8 19.4  9 37 -76.3   7.0  0.977   6.8
  42/11  1 -35.1  6.4  42/11 34 -35.0 19.1 11 18 -81.9  27.8  0.824  23.0
  42/14 23 -36.0  6.9  42/14 57 -35.8 18.8 14 40 -82.6   4.4  1.008   4.5
  42/17 44 -35.8  6.9  42/18 20 -36.4 18.7 17 60 -80.8   2.7  0.952   2.6
  42/22 47 -36.3  6.6  42/23 20 -35.0 19.0 23  2 -80.3   3.4  1.049   3.6
  43/ 0 29 -37.0  6.3  43/ 1  1 -36.6 19.4  0 44 -75.3   3.7  1.134   4.2
  43/ 2 11 -36.4  5.9  43/ 2 44 -36.8 19.4  2 27 -70.7   2.7  1.423   3.9
  43/ 3 53 -36.4  5.9  43/ 4 28 -35.2 19.4  4 11 -68.1   3.6  1.814   6.6
  43/ 5 35 -36.4  6.3  43/ 6 11 -35.7 19.7  5 55 -68.1   7.9  1.380  10.9
  43/ 7 18 -35.8  6.2  43/ 7 54 -36.3 19.6  7 39 -70.6   4.0  1.173   4.7
  43/ 9  3 -35.9  6.0  43/ 9 37 -35.8 19.3  9 22 -75.3   3.2  1.098   3.6
  43/15 49 -35.5  6.9  43/16 24 -36.2 18.8 16  6 -80.9   2.0  0.946   1.9
  43/20 51 -35.9  6.7  43/21 26 -35.1 18.6 21  6 -82.6   3.1  0.964   3.0
  44/ 0 14 -35.6  6.4  44/ 0 46 -37.6 19.4  0 30 -76.0   2.1  1.178   2.4
  44/ 1 56 -35.3  6.0  44/ 2 29 -37.4 19.5  2 12 -71.2   3.0  1.357   4.1
  44/ 3 38 -35.0  5.9  44/ 4 13 -35.8 19.4  3 56 -68.4   3.9  1.788   7.0
  44/ 5 20 -35.4  6.3  44/ 5 56 -36.5 19.7  5 40 -68.0   4.5  1.653   7.5
  44/ 7  3 -35.5  6.3  44/ 7 39 -37.1 19.7  7 24 -70.2   4.4  1.172   5.2
  44/ 8 48 -35.9  6.0  44/ 9 22 -36.9 19.4  9  7 -74.6   3.2  1.115   3.6
  44/10 32 -35.8  6.2  44/11  4 -37.8 19.2 10 49 -80.6   2.9  1.055   3.0
  44/12 14 -36.7  6.7  44/12 46 -37.4 19.0 12 31 -84.9   2.1  0.917   1.9
  44/15 35 -36.6  7.0  44/16  9 -37.5 18.8 15 51 -81.2   2.2  0.952   2.1
  44/17 15 -35.0  6.9  44/17 51 -36.7 18.7 17 31 -80.4   3.8  0.998   3.8
  44/18 56 -36.4  6.9  44/19 32 -36.0 18.6 19 11 -81.7   6.5  1.016   6.6
  45/ 0  0 -37.4  6.4  45/ 0 32 -36.1 19.4  0 15 -76.8   2.8  1.138   3.2
  45/ 1 42 -37.1  6.0  45/ 2 15 -35.5 19.4  1 58 -71.7   2.5  1.381   3.4
  45/ 3 24 -36.6  5.8  45/ 3 58 -36.4 19.4  3 41 -68.6   5.6  1.453   8.1
  45/ 5  6 -36.9  6.2  45/ 5 41 -37.2 19.7  5 25 -67.9   7.0  1.436  10.1
  45/ 6 48 -35.1  6.3  45/ 7 24 -37.9 19.7  7  9 -69.7   4.7  1.227   5.8
  45/ 8 33 -36.0  6.0  45/ 9  7 -38.0 19.5  8 53 -74.0   3.7  1.102   4.1
  45/ 9 25  36.1 18.5  45/ 9 56  36.5  7.9  9 41  76.8   2.0  2.011   4.1
  45/10 17 -35.1  6.2  45/10 50 -35.9 19.2 10 35 -79.6   3.0  1.047   3.1
  45/14 30  36.4 18.5  45/15  3  36.6  6.7 14 47  85.7   1.8  0.942   1.7
  45/18 42 -37.6  6.9  45/19 18 -35.3 18.6 18 57 -81.7   3.4  0.994   3.4
  46/ 1 27 -35.9  6.1  46/ 2  0 -36.1 19.4  1 43 -72.4   3.0  1.277   3.9
  46/ 3  9 -35.4  5.9  46/ 3 43 -37.1 19.4  3 26 -68.9   4.1  1.519   6.3
  46/ 4 51 -35.9  6.2  46/ 5 27 -35.1 19.6  5 10 -67.8   4.6  1.635   7.6
  46/ 6 34 -36.9  6.2  46/ 7 10 -35.7 19.7  6 54 -69.2   4.9  1.281   6.3
  46/ 8 18 -36.0  6.0  46/ 8 53 -35.9 19.4  8 38 -73.0   4.0  1.102   4.4
  46/10  3 -36.9  6.1  46/10 35 -37.2 19.2 10 20 -78.9   3.7  1.042   3.8
  46/11 45 -36.3  6.6  46/12 17 -37.2 19.0 12  2 -84.1   3.1  0.958   3.0
  46/15  6 -35.8  6.9  46/15 40 -37.3 18.8 15 23 -81.7   2.2  0.949   2.1
  46/18 27 -35.5  6.9  46/19  3 -36.9 18.6 18 43 -81.2   3.3  0.993   3.2
  46/21 49 -36.3  6.6  46/22 22 -37.1 18.8 22  4 -82.2   5.5  0.983   5.4
  47/ 1 13 -37.7  6.1  47/ 1 45 -36.8 19.5  1 28 -73.1   9.3  0.973   9.1
  47/ 2 55 -37.0  5.8  47/ 3 29 -35.1 19.3  3 11 -69.3   4.4  1.413   6.3
  47/ 4 37 -37.3  6.0  47/ 5 12 -35.8 19.6  4 55 -67.8   5.2  1.561   8.1
  47/ 6 19 -36.3  6.3  47/ 6 55 -36.4 19.7  6 40 -68.9   4.7  1.363   6.4
  47/ 8  3 -36.1  6.0  47/ 8 38 -36.8 19.5  8 23 -72.4   3.3  1.150   3.8
  47/ 9 48 -36.4  6.0  47/10 21 -35.3 19.2 10  6 -77.8   4.7  1.031   4.8
  47/11 31 -37.7  6.5  47/12  3 -35.4 19.1 11 47 -83.5  11.8  0.904  10.7
  47/16 32 -35.2  6.9  47/17  8 -35.2 18.8 16 49 -80.5   6.8  1.030   7.0
  47/18 13 -36.7  6.9  47/18 49 -36.0 18.7 18 29 -81.2  19.5  1.103  21.5
  48/ 0 58 -36.5  6.2  48/ 1 30 -37.5 19.5  1 14 -73.8   2.0  1.269   2.6
  48/ 2 40 -35.8  5.9  48/ 3 14 -35.7 19.3  2 57 -69.7   2.3  1.614   3.7
  48/ 4 22 -36.1  6.0  48/ 4 57 -36.5 19.6  4 40 -67.9   4.0  1.739   6.9
  48/ 6  4 -35.6  6.3  48/ 6 40 -37.2 19.7  6 25 -68.6   3.3  1.591   5.3
  48/ 7 48 -36.0  6.1  48/ 8 23 -37.7 19.6  8  9 -71.9   3.0  1.194   3.6
  48/ 9 33 -36.1  6.0  48/10  6 -36.6 19.3  9 51 -77.1   2.2  1.068   2.4
  48/14 38 -37.8  7.0  48/15 11 -37.3 18.8 14 54 -82.5   1.6  0.914   1.5
  48/16 18 -36.3  6.9  48/16 53 -36.5 18.8 16 34 -80.7   1.9  0.936   1.7
  48/17 59 -37.8  6.9  48/18 35 -35.0 18.7 18 14 -81.2   2.7  0.961   2.6
  48/21 20 -36.2  6.7  48/21 54 -35.9 18.7 21 35 -82.6   4.3  0.972   4.2
  49/ 0 43 -35.1  6.3  49/ 1 16 -35.7 19.5  0 59 -74.4  35.9  0.744  26.7
  49/ 4  8 -37.5  5.9  49/ 4 42 -37.2 19.6  4 26 -68.0   4.0  1.740   7.0
  49/ 5 50 -37.2  6.2  49/ 6 26 -35.0 19.7  6 10 -68.2   3.1  1.782   5.5
  49/ 6 44  35.1 18.2  49/ 7 14  36.0  7.7  7  0  74.9   2.1  2.923   6.2
  49/ 7 33 -36.0  6.1  49/ 8  9 -35.6 19.5  7 54 -71.1  21.8  0.800  17.4
  49/ 9 18 -35.8  6.0  49/ 9 51 -37.9 19.3  9 37 -76.4   8.1  0.960   7.7
  49/11  1 -35.1  6.4  49/11 34 -35.0 19.1 11 18 -81.9   3.5  1.030   3.6
  50/ 2 11 -36.3  5.9  50/ 2 44 -36.8 19.4  2 27 -70.7   1.8  1.563   2.8
  50/ 3 53 -36.3  5.9  50/ 4 28 -35.2 19.4  4 11 -68.1   1.7  2.301   4.0
  50/ 5 35 -36.4  6.3  50/ 6 11 -35.8 19.7  5 55 -68.1   2.4  2.091   4.9
  50/ 7 18 -35.8  6.2  50/ 7 54 -36.4 19.6  7 39 -70.6  16.9  0.845  14.3
  50/ 9  3 -35.8  5.9  50/ 9 37 -35.8 19.3  9 22 -75.3  26.4  0.769  20.3
  50/14  9 -36.9  6.9  50/14 42 -37.3 18.8 14 26 -83.2   6.2  1.000   6.2
  50/17 30 -36.9  6.9  50/18  6 -35.3 18.7 17 46 -80.8   3.4  0.989   3.4
  51/ 0 14 -35.5  6.4  51/ 0 46 -37.6 19.5  0 30 -76.0  11.5  0.927  10.6
  51/ 1 56 -35.2  6.0  51/ 2 30 -35.0 19.4  2 12 -71.1   1.8  1.492   2.7
  51/ 3 38 -35.0  6.0  51/ 4 13 -35.9 19.4  3 56 -68.3   2.1  2.212   4.7
  51/ 5 20 -35.3  6.3  51/ 5 56 -36.5 19.7  5 40 -68.0   6.6  1.467   9.7
  51/ 7  3 -35.4  6.2  51/ 7 39 -37.2 19.7  7 24 -70.2   8.0  1.017   8.1
  51/ 8 48 -35.8  5.9  51/ 9 22 -37.0 19.4  9  7 -74.6   2.3  1.155   2.6
  51/15 35 -36.6  7.0  51/16  9 -37.5 18.8 15 51 -81.2   5.6  1.024   5.7
  52/ 0  0 -37.3  6.4  52/ 0 32 -36.1 19.4  0 15 -76.7   4.3  1.067   4.6
  52/ 1 42 -37.0  6.0  52/ 2 15 -35.5 19.4  1 58 -71.7   3.1  1.318   4.1
  52/ 3 24 -36.5  5.9  52/ 3 58 -36.5 19.4  3 41 -68.6   2.4  1.959   4.6
  52/ 5  6 -36.8  6.2  52/ 5 41 -37.2 19.7  5 25 -67.9   3.4  1.869   6.3
  52/ 6 48 -35.0  6.3  52/ 7 25 -35.0 19.6  7  9 -69.6   2.6  1.456   3.8
  52/ 8 33 -35.8  6.0  52/ 9  8 -35.0 19.4  8 53 -73.6   2.6  1.154   3.0
  52/17  1 -36.1  6.9  52/17 37 -35.3 18.8 17 17 -80.5   3.6  1.000   3.6
  53/ 1 27 -35.8  6.1  53/ 2  0 -36.1 19.5  1 43 -72.3   1.6  1.394   2.2
  53/ 3  9 -35.3  5.9  53/ 3 43 -37.1 19.4  3 26 -68.9   2.1  1.874   4.0
  53/ 4 51 -35.8  6.2  53/ 5 27 -35.1 19.6  5 10 -67.8   2.6  1.985   5.1
  53/ 6 34 -36.8  6.2  53/ 7 10 -35.7 19.6  6 55 -69.2   2.3  1.597   3.6
  53/15  6 -35.7  6.9  53/15 40 -37.3 18.8 15 23 -81.6   1.7  0.939   1.6
  54/ 1 13 -37.7  6.1  54/ 1 45 -36.8 19.5  1 28 -73.1   1.9  1.306   2.5
  54/ 2 55 -36.9  5.9  54/ 3 29 -35.1 19.3  3 11 -69.3   2.1  1.738   3.7
  54/ 4 37 -37.2  6.1  54/ 5 12 -35.8 19.6  4 55 -67.8   2.7  1.986   5.4
  54/ 5 31  36.8 17.9  54/ 6  1  37.1  7.5  5 47  74.4   1.9  2.750   5.3
  54/ 6 19 -36.2  6.3  54/ 6 55 -36.5 19.7  6 40 -68.9   2.9  1.573   4.5
  54/ 8  3 -36.0  6.0  54/ 8 38 -36.9 19.5  8 23 -72.5   2.7  1.183   3.2
  54/ 9 48 -36.3  6.0  54/10 21 -35.3 19.2 10  6 -77.9   2.2  1.052   2.3
  54/18 13 -36.6  6.9  54/18 49 -35.9 18.7 18 29 -81.2   2.3  0.934   2.1
  54/21 35 -37.8  6.6  54/22  8 -36.4 18.7 21 50 -82.7   1.8  0.905   1.6
  55/ 0 58 -36.4  6.2  55/ 1 30 -37.5 19.6  1 14 -73.8   1.7  1.284   2.2
  55/ 2 40 -35.8  5.9  55/ 3 14 -35.7 19.4  2 57 -69.6   1.8  1.716   3.1
  55/ 4 22 -36.0  6.1  55/ 4 57 -36.5 19.6  4 40 -67.9   2.3  2.059   4.8
  55/ 5 16  36.2 17.9  55/ 5 47  35.4  7.4  5 32  74.3   1.6  2.535   4.0
  55/ 6  4 -35.5  6.3  55/ 6 40 -37.2 19.7  6 25 -68.6   2.6  1.722   4.5
  55/ 6 59  36.0 18.2  55/ 7 28  38.3  7.8  7 15  75.2   1.3  2.240   3.0
  55/ 7 48 -36.0  6.1  55/ 8 23 -37.7 19.5  8  9 -71.9   2.3  1.242   2.8
  55/ 9 33 -36.0  6.0  55/10  6 -36.6 19.2  9 51 -77.1   2.0  1.063   2.1
  55/16 18 -36.3  7.0  55/16 53 -36.5 18.8 16 34 -80.7   1.9  0.935   1.8
  55/21 20 -36.1  6.7  55/21 54 -35.9 18.7 21 35 -82.6   2.1  0.920   1.9
  56/ 2 26 -37.5  5.9  56/ 2 59 -36.3 19.4  2 42 -70.1   2.1  1.570   3.3
  56/ 3 18  36.0 17.7  56/ 3 51  35.2  6.9  3 35  75.4   1.3  2.088   2.8
  56/ 4  8 -37.5  6.0  56/ 4 42 -37.2 19.6  4 26 -68.0   2.4  2.032   4.9
  56/ 5  1  35.5 17.9  56/ 5 32  37.1  7.3  5 18  74.3   1.5  2.475   3.6
  56/ 5 50 -37.1  6.2  56/ 6 26 -35.1 19.6  6 10 -68.3   2.6  1.884   4.8
  56/ 6 44  35.1 18.2  56/ 7 14  36.1  7.7  7  0  74.8   1.5  2.477   3.7
  56/ 7 33 -35.9  6.1  56/ 8  9 -35.6 19.5  7 54 -71.1   2.2  1.300   2.9
  57/ 0 29 -36.9  6.3  57/ 1  1 -36.6 19.5  0 44 -75.2   1.9  1.217   2.3
  57/ 2 11 -36.3  6.0  57/ 2 44 -36.9 19.5  2 27 -70.6   4.0  1.277   5.2
  57/ 3 53 -36.3  6.0  57/ 4 28 -35.2 19.5  4 11 -68.1   2.5  2.001   5.1
  57/ 5 35 -36.3  6.3  57/ 6 11 -35.8 19.7  5 55 -68.1   6.5  1.473   9.6
  57/ 7 18 -35.7  6.2  57/ 7 54 -36.4 19.6  7 39 -70.6   2.5  1.315   3.3
  57/ 9  3 -35.7  5.9  57/ 9 37 -35.8 19.3  9 22 -75.4   2.2  1.120   2.4
  58/ 1 56 -35.1  6.1  58/ 2 30 -35.0 19.4  2 12 -71.1   1.7  1.506   2.6
  58/ 3 39 -37.8  5.9  58/ 4 13 -35.9 19.5  3 56 -68.3   2.0  2.252   4.5
  58/ 5 20 -35.3  6.3  58/ 5 56 -36.5 19.7  5 40 -68.0   5.9  1.510   8.9
  58/ 7  3 -35.4  6.2  58/ 7 39 -37.2 19.6  7 24 -70.2   3.2  1.299   4.1
  58/ 8 48 -35.7  5.9  58/ 9 22 -37.0 19.3  9  7 -74.7   2.4  1.148   2.7
  59/ 0  0 -37.3  6.4  59/ 0 32 -36.1 19.4  0 15 -76.7   1.8  1.150   2.0
  59/ 1 42 -37.0  6.1  59/ 2 15 -35.5 19.5  1 58 -71.7   1.7  1.447   2.5
  59/ 3 24 -36.5  5.9  59/ 3 58 -36.5 19.5  3 41 -68.6   1.9  2.114   4.1
  59/ 5  6 -36.8  6.2  59/ 5 41 -37.3 19.7  5 25 -67.8   6.2  1.487   9.2
  59/ 6 48 -35.0  6.3  59/ 7 25 -35.0 19.6  7  9 -69.6  12.8  0.947  12.1
  59/ 8 33 -35.8  5.9  59/ 9  8 -35.0 19.3  8 53 -73.7   5.5  1.037   5.7
  59/10 17 -35.0  6.1  59/10 50 -35.9 19.1 10 35 -79.6   2.6  1.046   2.7
  60/ 1 27 -35.8  6.2  60/ 2  0 -36.1 19.5  1 43 -72.3   1.8  1.377   2.5
  60/ 3  9 -35.3  6.0  60/ 3 43 -37.1 19.5  3 26 -68.9   1.9  1.935   3.7
  60/ 4 51 -35.8  6.2  60/ 5 27 -35.1 19.6  5 10 -67.8   2.3  2.060   4.8
  60/ 5 46  37.5 18.0  60/ 6 16  35.5  7.5  6  2  74.4   2.1  2.886   6.1
  60/ 6 34 -36.8  6.2  60/ 7 10 -35.7 19.6  6 55 -69.2   7.8  1.118   8.8
  60/10  3 -36.8  6.0  60/10 35 -37.2 19.2 10 20 -79.0  24.7  0.793  19.6
  60/14 15  35.0 18.5  60/14 49  35.5  6.7 14 32  85.4   2.1  0.942   2.0
  61/ 0 22  37.7 18.5  61/ 0 56  35.8  7.2  0 39  80.8  11.4  1.237  14.1
  61/ 2 55 -36.9  5.9  61/ 3 29 -35.2 19.4  3 11 -69.2   4.7  1.397   6.5
  61/ 4 37 -37.2  6.1  61/ 5 12 -35.8 19.6  4 55 -67.8  14.7  1.152  17.0
  61/ 6 19 -36.2  6.3  61/ 6 55 -36.5 19.7  6 40 -68.9   4.7  1.359   6.3
  61/ 8  3 -36.0  6.0  61/ 8 38 -36.9 19.5  8 23 -72.5  22.1  0.791  17.5
  61/ 9 48 -36.2  6.0  61/10 21 -35.3 19.2 10  6 -77.9   8.5  0.962   8.2
  61/11 31 -37.6  6.5  61/12  3 -35.4 19.0 11 47 -83.6  13.3  0.898  11.9
  62/ 2 40 -35.7  6.0  62/ 3 14 -35.7 19.5  2 57 -69.6   1.7  1.779   3.0
  62/ 4 22 -36.0  6.1  62/ 4 57 -36.5 19.6  4 40 -67.9   1.9  2.208   4.2
  62/ 6  4 -35.5  6.3  62/ 6 40 -37.2 19.7  6 25 -68.6   2.1  1.848   3.8
  63/ 0 43 -35.1  6.3  63/ 1 16 -35.7 19.5  0 59 -74.3   2.0  1.240   2.5
  63/ 2 26 -37.5  6.0  63/ 2 59 -36.3 19.5  2 42 -70.1   2.0  1.597   3.2
  63/ 4  8 -37.5  6.0  63/ 4 42 -37.2 19.6  4 26 -68.0   2.1  2.161   4.5
  63/ 5 50 -37.1  6.3  63/ 6 26 -35.1 19.6  6 10 -68.2   2.0  2.039   4.2
  63/ 7 33 -35.8  6.1  63/ 8  9 -35.6 19.5  7 54 -71.1   2.0  1.318   2.7
  63/22 47 -36.1  6.6  63/23 19 -37.7 19.1 23  2 -80.3   1.7  1.044   1.8
  64/ 2 11 -36.3  6.1  64/ 2 44 -36.9 19.6  2 27 -70.6   3.3  1.363   4.5
  64/ 3 53 -36.2  6.1  64/ 4 28 -35.2 19.5  4 11 -68.1   3.9  1.767   6.9
  64/ 5 35 -36.3  6.3  64/ 6 11 -35.8 19.7  5 55 -68.1   5.8  1.517   8.9
  64/ 7 18 -35.6  6.2  64/ 7 54 -36.4 19.5  7 39 -70.7   2.6  1.300   3.4
  64/ 9  3 -35.7  5.9  64/ 9 37 -35.9 19.3  9 22 -75.4   2.1  1.119   2.4
  64/17 30 -36.9  6.9  64/18  6 -35.2 18.8 17 46 -80.8   3.0  0.963   2.9
  65/ 0 14 -35.5  6.4  65/ 0 46 -37.6 19.5  0 30 -75.9   6.1  1.031   6.3
  65/ 1 56 -35.1  6.1  65/ 2 30 -35.0 19.5  2 12 -71.0   8.7  1.051   9.2
  65/ 3 39 -37.8  6.0  65/ 4 13 -35.9 19.5  3 56 -68.3   2.7  2.019   5.4
  65/ 5 20 -35.3  6.3  65/ 5 56 -36.5 19.7  5 40 -68.0   1.9  2.241   4.3
  65/ 7  3 -35.3  6.2  65/ 7 39 -37.2 19.6  7 24 -70.2  22.0  0.809  17.8
  66/ 1 42 -36.9  6.1  66/ 2 15 -35.5 19.5  1 58 -71.7 111.2  0.685  76.2
  66/ 3 24 -36.5  6.0  66/ 3 58 -36.5 19.5  3 41 -68.6  18.9  1.038  19.6
  66/ 5  6 -36.8  6.2  66/ 5 41 -37.3 19.7  5 25 -67.9  39.1  0.923  36.1
  66/ 6  0  35.6 18.1  66/ 6 30  37.4  7.6  6 16  74.6   6.9  3.998  27.4
  66/ 6 48 -35.0  6.3  66/ 7 25 -35.0 19.6  7  9 -69.6  52.1  0.750  39.1
  66/ 8 33 -35.7  5.9  66/ 9  8 -35.0 19.3  8 53 -73.7   6.1  1.023   6.2
  67/ 4 51 -35.7  6.3  67/ 5 27 -35.1 19.6  5 10 -67.8  13.0  1.181  15.3
  67/ 8 18 -35.8  5.9  67/ 8 53 -35.9 19.4  8 38 -73.1  21.3  0.799  17.0
  68/ 1 13 -37.6  6.2  68/ 1 45 -36.8 19.6  1 28 -73.0  13.7  0.889  12.2
  68/ 2 55 -36.9  6.0  68/ 3 29 -35.2 19.5  3 11 -69.2  25.7  0.909  23.3
  68/ 4 37 -37.2  6.2  68/ 5 12 -35.8 19.6  4 55 -67.8  23.5  1.027  24.1
  68/ 5 31  36.8 18.0  68/ 6  1  37.2  7.5  5 47  74.4  10.4  4.373  45.4
  68/ 6 19 -36.2  6.3  68/ 6 55 -36.5 19.7  6 40 -68.9  19.4  0.930  18.1
  68/18 13 -36.7  6.9  68/18 49 -35.9 18.7 18 28 -81.2  16.4  1.075  17.6
  69/ 4 22 -36.0  6.2  69/ 4 57 -36.5 19.7  4 40 -67.9  13.7  1.172  16.0
  69/ 5 16  36.2 18.0  69/ 5 47  35.4  7.4  5 32  74.4   5.9  4.020  23.7
  69/ 6  4 -35.5  6.3  69/ 6 40 -37.2 19.7  6 25 -68.6   9.4  1.163  10.9
  69/ 9 33 -35.9  5.9  69/10  6 -36.6 19.2  9 51 -77.2  14.6  0.874  12.8
  70/ 4  8 -37.5  6.1  70/ 4 42 -37.2 19.7  4 26 -68.0  20.2  1.061  21.5
  70/ 5 50 -37.1  6.3  70/ 6 26 -35.1 19.6  6 10 -68.3   7.4  1.335   9.9
  70/ 6 44  35.1 18.2  70/ 7 14  36.1  7.6  7  0  75.0   5.8  3.942  23.0
  70/ 7 33 -35.8  6.1  70/ 8  9 -35.6 19.5  7 54 -71.2  13.4  0.880  11.8
  70/22 47 -36.1  6.6  70/23 19 -37.7 19.1 23  2 -80.2   3.7  1.046   3.9
  71/ 3 53 -36.3  6.1  71/ 4 28 -35.2 19.6  4 11 -68.1   5.2  1.564   8.1
  71/ 5 35 -36.3  6.3  71/ 6 11 -35.8 19.7  5 55 -68.1   4.8  1.621   7.7
  71/ 6 30  37.0 18.1  71/ 6 59  37.8  7.6  6 45  74.9   1.8  2.709   5.0
  71/ 7 18 -35.6  6.1  71/ 7 54 -36.4 19.5  7 39 -70.7   5.3  1.095   5.8
  71/ 9  3 -35.6  5.9  71/ 9 37 -35.8 19.2  9 22 -75.4   4.7  1.037   4.8
  72/ 0 14 -35.5  6.5  72/ 0 46 -37.5 19.6  0 30 -75.9   7.1  1.010   7.1
  72/ 1 56 -35.1  6.2  72/ 2 30 -35.0 19.6  2 12 -71.0   5.5  1.174   6.5
  72/ 3 38 -35.0  6.2  72/ 4 13 -35.9 19.6  3 56 -68.3   7.1  1.451  10.3
  72/ 4 32  36.8 17.9  72/ 5  3  37.1  7.3  4 48  74.5   2.9  3.296   9.5
  72/ 5 20 -35.3  6.4  72/ 5 56 -36.5 19.7  5 40 -68.0   7.1  1.437  10.1
  72/ 6 15  36.3 18.1  72/ 6 45  35.6  7.6  6 31  74.8   1.8  2.698   5.0
  72/ 7  3 -35.3  6.2  72/ 7 39 -37.2 19.6  7 24 -70.2   5.6  1.108   6.2
  72/ 9 40  37.6 18.4  72/10 11  36.8  7.8  9 55  77.1   1.9  1.912   3.6
  72/13  3  36.9 18.4  72/13 37  35.8  6.9 13 20  84.0   2.1  0.974   2.1
  73/ 1 42 -37.0  6.2  73/ 2 15 -35.5 19.6  1 58 -71.6  55.9  0.741  41.4
  73/ 2 34  36.6 18.0  73/ 3  7  36.3  7.1  2 51  76.5  11.2  2.212  24.9
  73/ 3 24 -36.5  6.1  73/ 3 58 -36.5 19.6  3 41 -68.6  17.8  1.062  18.9
  73/ 5  6 -36.8  6.3  73/ 5 41 -37.2 19.8  5 25 -67.9  16.5  1.103  18.2
  73/ 6  0  35.6 18.1  73/ 6 30  37.4  7.6  6 16  74.6   4.8  4.059  19.6
  73/ 6 48 -35.0  6.3  73/ 7 25 -35.0 19.5  7  9 -69.6   5.9  1.152   6.7
  73/ 8 33 -35.7  5.9  73/ 9  8 -35.0 19.3  8 53 -73.7   4.0  1.090   4.3
  73/21 15  35.1 19.1  73/21 46  37.5  7.2 21 30  85.9   1.5  0.907   1.4
  74/ 2 19  35.9 18.0  74/ 2 52  37.6  7.1  2 36  76.9   2.5  2.010   5.0
  74/ 4 51 -35.8  6.3  74/ 5 27 -35.1 19.7  5 10 -67.8   3.8  1.776   6.8
  74/ 5 46  37.5 18.0  74/ 6 16  35.4  7.5  6  2  74.5   3.2  3.658  11.6
  74/ 6 34 -36.7  6.2  74/ 7 10 -35.7 19.6  6 55 -69.2   2.7  1.517   4.1
  74/ 9 11  37.8 18.3  74/ 9 41  37.1  7.9  9 26  76.7   1.6  2.075   3.2
  74/10  3 -36.8  6.0  74/10 35 -37.2 19.1 10 20 -79.1   1.9  1.057   2.0
  74/17 40  38.6 18.6  74/18 10  35.9  6.8 17 54  84.7   1.7  0.920   1.5
  74/21  1  36.0 19.1  74/21 32  35.9  7.2 21 16  86.2   1.8  0.908   1.6
  75/ 2 55 -37.0  6.1  75/ 3 29 -35.1 19.5  3 11 -69.2   2.7  1.633   4.5
  75/ 4 37 -37.3  6.2  75/ 5 12 -35.8 19.7  4 55 -67.8   3.3  1.892   6.2
  75/ 6 19 -36.2  6.3  75/ 6 55 -36.5 19.7  6 40 -68.9   4.1  1.394   5.8
  75/ 8  3 -35.9  6.0  75/ 8 38 -36.8 19.4  8 23 -72.5   2.5  1.191   3.0
  75/ 8 56  36.4 18.3  75/ 9 26  37.5  7.9  9 11  76.5   1.5  2.150   3.3
  75/10 38  37.5 18.4  75/11 11  36.5  7.5 10 54  78.2   1.7  1.331   2.3
  75/22 28  42.1 19.0  75/22 59  37.0  7.3 22 42  84.4   2.3  0.968   2.2
  76/ 0 58 -36.4  6.4  76/ 1 30 -37.5 19.7  1 14 -73.6   4.9  1.109   5.4
  76/ 2 40 -35.8  6.2  76/ 3 14 -35.7 19.6  2 57 -69.5  10.9  1.067  11.7
  76/ 4 22 -36.1  6.2  76/ 4 57 -36.5 19.7  4 40 -67.8  10.8  1.237  13.3
  76/ 5 16  36.2 18.0  76/ 5 47  35.3  7.4  5 32  74.3  11.1  4.525  50.1
  76/ 6  4 -35.5  6.3  76/ 6 40 -37.2 19.7  6 25 -68.6   4.3  1.466   6.3
  76/ 6 59  36.0 18.2  76/ 7 28  38.3  7.7  7 15  75.2   7.4  3.625  26.8
  76/ 7 48 -35.9  6.0  76/ 8 23 -37.7 19.5  8  9 -72.0   3.3  1.167   3.9
  76/ 9 33 -35.9  5.9  76/10  6 -36.5 19.2  9 51 -77.2  10.0  0.942   9.5
  76/10 23  36.0 18.4  76/10 56  36.6  7.6 10 39  77.8   8.0  1.680  13.4
  76/11 16 -36.4  6.4  76/11 48 -36.7 19.0 11 33 -83.0  10.4  0.905   9.4
  76/22 12  36.1 19.1  76/22 45  35.3  7.3 22 28  84.3   1.7  0.939   1.6
  77/ 0  0  59.6 18.2  77/ 0 27  35.4  7.3  0  9  82.1   1.2  1.019   1.2
  77/ 4  8 -37.5  6.2  77/ 4 42 -37.2 19.7  4 26 -67.9   2.4  2.053   4.9
  77/ 5  1  35.5 18.0  77/ 5 32  37.1  7.4  5 18  74.3   1.4  2.424   3.3
  77/ 7 33 -35.8  6.1  77/ 8  9 -35.5 19.5  7 54 -71.2   2.2  1.301   2.8
  77/22  0  43.8 19.1  77/22 30  36.6  7.3 22 13  85.5   4.2  1.019   4.2
  78/ 3  3  35.3 18.0  78/ 3 36  36.6  7.1  3 20  75.7   4.3  2.675  11.4
  78/ 3 53 -36.3  6.2  78/ 4 28 -35.2 19.6  4 11 -68.1  13.3  1.191  15.9
  78/ 5 35 -36.3  6.3  78/ 6 11 -35.8 19.7  5 55 -68.1   2.5  2.045   5.1
  78/ 7 18 -35.6  6.1  78/ 7 54 -36.3 19.5  7 39 -70.7   4.1  1.160   4.8
  78/ 9  3 -35.6  5.9  78/ 9 37 -35.8 19.2  9 22 -75.4   2.2  1.116   2.5
  79/ 3 38 -35.0  6.2  79/ 4 13 -35.8 19.6  3 56 -68.3   2.0  2.248   4.5
  79/ 5 20 -35.3  6.4  79/ 5 56 -36.5 19.7  5 40 -68.0   3.4  1.865   6.3
  79/ 8 48 -35.6  5.9  79/ 9 22 -36.9 19.3  9  7 -74.8   1.9  1.165   2.2
  80/ 1 42 -37.0  6.3  80/ 2 15 -35.5 19.7  1 58 -71.6   1.8  1.453   2.6
  80/ 3 24 -36.6  6.2  80/ 3 58 -36.5 19.7  3 41 -68.5   2.2  2.045   4.5
  80/ 5  6 -36.9  6.3  80/ 5 41 -37.2 19.8  5 25 -67.9   2.6  2.021   5.2
  80/ 6 48 -35.0  6.3  80/ 7 24 -37.9 19.6  7  9 -69.8   2.5  1.456   3.6
  80/ 8 33 -35.7  5.9  80/ 9  7 -38.0 19.4  8 53 -74.1   2.2  1.176   2.6
  81/ 3  9 -35.4  6.2  81/ 3 43 -37.1 19.7  3 26 -68.8   2.1  1.915   4.0
  81/ 6 34 -36.8  6.2  81/ 7 10 -35.7 19.6  6 55 -69.2   2.8  1.488   4.2
  81/21  1  36.1 19.1  81/21 32  35.8  7.2 21 16  86.2   1.5  0.907   1.3
  82/ 2 55 -37.0  6.2  82/ 3 29 -35.1 19.6  3 11 -69.2   1.9  1.815   3.4
  82/ 4 37 -37.3  6.3  82/ 5 12 -35.8 19.7  4 55 -67.8   2.1  2.172   4.5
  82/ 6 19 -36.2  6.3  82/ 6 55 -36.4 19.7  6 40 -68.9   2.3  1.665   3.8
  83/ 0  7  36.7 18.7  83/ 0 41  37.1  7.4  0 24  81.1   1.5  1.026   1.5
  83/ 4 22 -36.2  6.3  83/ 4 57 -36.5 19.7  4 40 -67.8   2.2  2.118   4.6
  83/ 6  4 -35.6  6.3  83/ 6 40 -37.1 19.7  6 25 -68.7   2.3  1.771   4.0
  84/ 4  8 -37.6  6.2  84/ 4 42 -37.1 19.8  4 26 -67.9   2.2  2.127   4.6
  84/ 5 50 -37.2  6.3  84/ 6 26 -35.0 19.6  6 10 -68.3   3.7  1.658   6.2
  84/ 7 33 -35.8  6.1  84/ 8  9 -35.5 19.4  7 54 -71.2  10.3  0.935   9.7
  85/ 5 35 -36.4  6.3  85/ 6 11 -35.7 19.7  5 55 -68.1   4.9  1.594   7.8
  85/ 7 18 -35.7  6.1  85/ 7 54 -36.3 19.5  7 39 -70.7   7.3  1.016   7.5
  86/ 1 56 -35.3  6.4  86/ 2 29 -37.4 19.8  2 12 -71.0   3.5  1.314   4.5
  86/ 2 49  37.4 18.0  86/ 3 21  37.8  7.3  3  5  76.2   1.8  2.115   3.7
  86/ 3 38 -35.1  6.3  86/ 4 13 -35.8 19.7  3 56 -68.3   2.6  2.030   5.2
  86/ 5 20 -35.4  6.4  86/ 5 56 -36.4 19.7  5 40 -68.0   1.8  2.289   4.1
  87/ 1 42 -37.1  6.3  87/ 2 15 -35.4 19.8  1 58 -71.6   2.2  1.420   3.1
  87/ 3 24 -36.7  6.2  87/ 3 58 -36.4 19.8  3 41 -68.5   2.2  2.044   4.5
  87/ 5  6 -37.0  6.3  87/ 5 41 -37.1 19.8  5 25 -67.9   2.2  2.158   4.7
  88/ 3  9 -35.5  6.3  88/ 3 43 -37.0 19.8  3 26 -68.8   2.1  1.908   4.1
  88/ 4 51 -35.9  6.4  88/ 5 27 -35.0 19.7  5 10 -67.8   2.3  2.091   4.7
  89/ 2 55 -37.2  6.2  89/ 3 29 -35.0 19.7  3 11 -69.1   2.3  1.741   3.9
  89/ 3 48  37.5 18.0  89/ 4 20  35.1  7.3  4  4  74.9   2.6  2.733   7.1
  89/ 4 37 -37.5  6.3  89/ 5 12 -35.7 19.7  4 55 -67.8  15.9  1.122  17.9
  89/ 6 19 -36.3  6.3  89/ 6 55 -36.4 19.6  6 40 -68.9  24.2  0.881  21.3
  90/ 4 22 -36.3  6.4  90/ 4 57 -36.4 19.8  4 40 -67.9   2.3  2.082   4.7
  90/ 6  4 -35.7  6.3  90/ 6 40 -37.1 19.7  6 25 -68.7   2.1  1.809   3.8
  91/ 2 26 -37.7  6.3  91/ 2 59 -36.2 19.8  2 42 -70.0   1.9  1.628   3.1
  91/ 3 18  36.1 18.1  91/ 3 50  38.0  7.3  3 35  75.5   1.3  2.014   2.6
  91/ 4  7 -35.0  6.4  91/ 4 42 -37.1 19.8  4 25 -68.0   2.2  2.096   4.7
  91/ 5 50 -37.3  6.3  91/ 6 25 -37.8 19.8  6 10 -68.4   7.2  1.334   9.6
  91/ 7 33 -35.9  6.0  91/ 8  9 -35.4 19.4  7 54 -71.2   4.5  1.117   5.0
  92/ 2 11 -36.6  6.3  92/ 2 44 -36.7 19.9  2 27 -70.5   1.9  1.559   3.0
  92/ 3 53 -36.5  6.3  92/ 4 28 -35.1 19.7  4 11 -68.1   2.3  2.095   4.7
  92/ 6 30  37.1 18.1  92/ 6 59  37.4  7.6  6 45  74.8   1.7  2.579   4.3
  93/ 1 56 -35.4  6.4  93/ 2 29 -37.3 19.9  2 12 -71.0   1.9  1.504   2.8
  93/ 3 38 -35.3  6.4  93/ 4 13 -35.7 19.8  3 56 -68.3   2.1  2.190   4.7
  93/ 5 20 -35.6  6.4  93/ 5 56 -36.4 19.7  5 40 -68.0   2.5  2.021   5.0
  93/ 6 15  36.4 18.1  93/ 6 45  35.3  7.6  6 31  74.6   1.4  2.370   3.2
  94/ 4 17  36.2 18.1  94/ 4 49  35.1  7.4  4 34  74.5   2.3  2.881   6.6
