1                       ***** SUMMARY LISTING *****
    SATELLITE ID       10            START OF FILE  1990 341/15  5  0
0+-------START-------++--------END--------++---PEAK---++----GIGAWATTS---+
 GMT       CMLAT MLT  GMT       CMLAT MLT  GMT   CMLAT MEAS  CORR   POWER
 341/15  5 -36.1  7.9 341/15 38 -36.9 19.7 15 22 -82.4 141.9  1.149 163.1
 341/15 55  36.6 19.4 341/16 15  77.0  7.8 16 11  89.0   1.5  0.975   1.4
 341/21 43 -35.5  7.6 341/22 16 -36.6 19.6 21 58 -82.5  77.7  0.936  72.7
 342/ 0 14  37.6 19.4 342/ 0 47  37.5  7.9  0 30  81.9   2.2  1.113   2.4
 342/ 1  4 -35.6  7.0 342/ 1 36 -35.8 20.1  1 20 -74.7  68.5  0.685  46.9
 342/ 1 55  36.3 18.7 342/ 2 28  37.2  7.7  2 11  78.4   2.2  1.398   3.1
 342/ 2 45 -35.6  6.7 342/ 3 18 -36.1 20.3  3  1 -70.0  69.8  0.745  52.0
 342/ 3 37  36.4 18.5 342/ 4  9  36.9  8.0  3 53  75.2   1.1  2.064   2.3
 342/ 4 26 -35.7  7.0 342/ 5  0 -36.6 20.7  4 44 -67.5  77.1  0.826  63.7
 342/ 5 19  36.2 18.9 342/ 5 50  35.6  8.5  5 35  73.6   3.0  3.622  11.0
 342/ 6  7 -35.6  7.4 342/ 6 42 -36.9 20.9  6 27 -67.5  94.4  0.766  72.3
 342/ 7  1  35.9 19.2 342/ 7 30  38.1  8.9  7 17  74.0   3.1  3.539  10.8
 342/ 7 50 -36.6  7.1 342/ 8 24 -37.3 20.8  8 10 -70.1 120.3  0.644  77.4
 342/ 9 34 -36.5  7.0 342/10  6 -36.5 20.5  9 52 -75.0 115.6  0.643  74.3
 342/11 16 -36.1  7.4 342/11 47 -36.9 20.2 11 33 -81.0 116.4  0.650  75.7
 342/12  4  36.5 19.5 342/12 38  36.3  8.2 12 20  79.9   5.7  1.305   7.4
 342/12 56 -35.4  7.7 342/13 28 -36.4 19.9 13 13 -84.5 131.9  0.838 110.5
 342/14 36 -37.2  7.9 342/15  8 -37.9 19.7 14 52 -83.4 175.8  1.122 197.2
 342/16 15 -36.0  7.9 342/16 49 -36.2 19.7 16 31 -80.9 144.7  1.270 183.8
 342/17  6  36.4 19.4 342/17 37  36.7  7.6 17 21  84.3  18.3  1.034  18.9
 342/17 55 -37.7  7.9 342/18 29 -37.5 19.6 18 10 -80.8 123.2  1.347 166.0
 342/18 47  37.6 19.5 342/19 17  35.0  7.6 19  1  84.9  13.1  0.975  12.7
 342/22  5  35.5 20.0 342/22 37  35.3  8.1 22 20  85.4  12.6  1.062  13.3
 342/22 54 -36.6  7.5 342/23 26 -35.2 19.8 23  9 -81.2  79.8  0.727  58.1
 353/ 9  7 -36.0  6.9 353/ 9 40 -35.5 20.5  9 26 -73.2   1.2  1.162   1.4
 353/ 9 57  35.2 19.5 353/10 29  35.5  8.9 10 13  76.1   0.7  1.755   1.2
 353/10 50 -36.2  7.2 353/11 21 -36.3 20.2 11  6 -79.3   1.3  1.041   1.3
 353/11 38  36.7 19.5 353/12 12  36.1  8.4 11 54  78.7   1.3  1.153   1.5
 353/12 31 -37.3  7.6 353/13  2 -36.0 20.0 12 47 -84.1   2.2  0.944   2.1
 353/13 19  38.1 19.4 353/13 52  37.8  7.8 13 36  83.4   1.8  1.006   1.9
 353/14 10 -35.9  7.8 353/14 42 -37.9 19.7 14 27 -83.8   2.2  0.946   2.0
 353/14 59  36.3 19.3 353/15 32  36.5  7.6 15 16  86.1   2.4  1.043   2.5
 353/15 50 -37.7  7.8 353/16 23 -35.9 19.7 16  6 -81.5   2.6  1.069   2.8
 353/16 40  36.9 19.3 353/17 12  35.1  7.5 16 56  84.7   2.8  1.042   2.9
 353/17 29 -36.3  7.8 353/18  3 -37.5 19.6 17 45 -80.5   3.1  1.095   3.3
 353/18 21  37.6 19.4 353/18 51  36.4  7.5 18 35  84.7   2.4  0.971   2.4
 353/19  9 -38.1  7.7 353/19 43 -36.7 19.4 19 24 -81.6   3.5  1.108   3.9
 353/21 44  52.5 19.9 353/22 11  35.7  8.0 21 54  87.6   2.5  1.017   2.5
 353/22 28 -36.0  7.5 353/23  0 -36.0 19.7 22 43 -82.0   2.1  0.963   2.0
 354/ 0  9 -37.8  7.1 354/ 0 40 -35.2 20.0  0 24 -77.8   6.0  0.970   5.8
 354/ 0 58  35.0 19.0 354/ 1 32  37.9  7.7  1 15  80.5   2.0  1.135   2.3
 354/ 1 49 -35.3  6.7 354/ 2 21 -36.4 20.1  2  5 -72.4   4.9  1.111   5.4
 354/ 2 40  35.3 18.5 354/ 3 13  37.6  7.6  2 57  76.9   1.8  1.853   3.3
 354/ 3 30 -35.0  6.7 354/ 4  3 -37.2 20.4  3 47 -68.6   6.5  1.268   8.2
 354/ 4 22  35.5 18.6 354/ 4 54  37.0  8.1  4 39  74.3   0.6  2.063   1.2
 354/ 5 11 -35.5  7.2 354/ 5 45 -37.6 20.8  5 30 -67.1   5.1  1.542   7.9
 354/ 8 36 -35.8  7.0 354/ 9 10 -35.1 20.5  8 55 -71.6   6.4  1.018   6.5
 354/ 9 28  37.8 19.4 354/ 9 58  36.3  9.0  9 43  75.8   8.8  2.563  22.5
 354/10 20 -36.7  7.0 354/10 51 -36.4 20.3 10 37 -77.5  23.8  0.753  17.9
 354/11  8  36.0 19.5 354/11 42  35.4  8.5 11 24  77.6   7.3  1.678  12.3
 354/12  1 -36.3  7.5 354/12 32 -36.4 20.1 12 17 -83.0   9.7  0.896   8.7
 354/12 49  37.4 19.4 354/13 23  36.0  7.9 13  6  82.0   5.5  1.227   6.7
 354/13 41 -37.1  7.8 354/14 13 -35.4 19.8 13 57 -84.2   8.6  0.961   8.3
 354/14 29  35.6 19.3 354/15  2  38.2  7.6 14 46  86.1   7.1  1.163   8.2
 354/15 20 -36.1  7.8 354/15 53 -36.5 19.6 15 36 -82.0   9.5  1.106  10.5
 354/16 10  36.6 19.3 354/16 42  36.6  7.5 16 26  85.3  21.2  1.083  22.9
 354/17  0 -37.8  7.8 354/17 34 -35.4 19.6 17 15 -80.8  14.8  1.212  17.9
 354/17 51  37.0 19.4 354/18 22  35.1  7.5 18  6  84.4  37.2  0.997  37.1
 354/18 39 -36.3  7.7 354/19 14 -35.7 19.5 18 54 -81.0   8.9  1.176  10.5
 354/19 31  35.4 19.6 354/20  1  36.4  7.7 19 45  85.4  24.7  0.988  24.4
 354/22 49  36.5 19.8 354/23 22  35.5  8.0 23  5  84.4   4.1  1.125   4.6
 355/ 0 29  37.9 19.2 355/ 1  3  35.2  7.7  0 45  81.5   4.1  1.262   5.2
 355/ 1 19 -35.0  6.9 355/ 1 51 -35.8 20.1  1 35 -73.9   2.6  1.241   3.2
 355/ 2 10  36.1 18.5 355/ 2 43  38.0  7.6  2 27  78.0   3.1  1.533   4.7
 355/ 3  1 -37.8  6.5 355/ 3 33 -36.3 20.2  3 16 -69.5   2.1  1.563   3.3
 355/ 3 52  36.1 18.5 355/ 4 24  37.5  7.9  4  9  74.9   2.0  2.589   5.2
 355/ 4 41 -35.2  7.0 355/ 5 15 -36.8 20.7  4 59 -67.3   1.5  2.255   3.4
 355/ 5 34  36.0 18.9 355/ 6  5  36.2  8.5  5 50  73.6   1.5  2.675   3.9
 355/ 6 23 -37.3  7.2 355/ 6 57 -37.1 20.8  6 42 -67.5   6.7  1.392   9.4
 355/ 7 16  35.6 19.2 355/ 7 46  35.3  8.8  7 32  74.1   2.3  3.224   7.4
 355/ 8  5 -35.6  7.1 355/ 8 39 -37.5 20.7  8 25 -70.5   2.2  1.276   2.8
 355/ 8 58  37.4 19.3 355/ 9 27  38.1  9.0  9 13  75.4   2.4  2.530   6.1
 355/ 9 49 -35.4  7.0 355/10 21 -36.4 20.4 10  7 -75.6   3.4  1.094   3.7
 355/10 38  35.4 19.5 355/11 11  36.3  8.7 10 54  76.9   2.5  1.652   4.1
 355/11 31 -35.6  7.4 355/12  2 -36.6 20.1 11 47 -81.6   1.9  0.998   1.9
 355/12 19  36.8 19.5 355/12 53  36.8  8.1 12 36  80.6   2.1  1.076   2.3
 355/13 11 -35.5  7.7 355/13 43 -36.0 19.8 13 28 -84.4   2.1  0.925   2.0
 355/13 59  35.0 19.4 355/14 33  36.6  7.7 14 17  85.1   2.5  1.066   2.6
 355/14 51 -37.5  7.8 355/15 23 -37.3 19.6 15  7 -82.9   2.6  1.035   2.7
 355/15 40  36.3 19.3 355/16 13  35.1  7.6 15 57  85.5   1.9  0.989   1.8
 355/16 30 -36.2  7.8 355/17  4 -35.9 19.7 16 46 -80.7   2.7  1.082   2.9
 355/17 21  36.6 19.3 355/17 52  36.7  7.5 17 36  84.5   3.4  1.043   3.6
 355/18 10 -37.8  7.8 355/18 44 -36.9 19.5 18 25 -80.9   3.4  1.108   3.8
 355/19  2  38.1 19.5 355/19 32  35.0  7.6 19 16  85.1   3.1  1.017   3.2
 356/12 42 -37.0  7.6 356/13 13 -36.5 19.9 12 58 -84.4   4.6  0.961   4.4
 356/13 30  37.6 19.4 356/14  3  38.1  7.8 13 47  84.0   3.2  1.156   3.7
 356/14 21 -35.8  7.8 356/14 54 -35.0 19.7 14 38 -83.2   3.8  1.037   3.9
 356/15 10  35.8 19.3 356/15 43  36.7  7.6 15 27  86.1   3.1  1.106   3.5
 356/16  1 -37.6  7.8 356/16 34 -36.3 19.6 16 17 -81.3   3.0  1.110   3.3
 356/16 51  36.3 19.3 356/17 23  35.3  7.5 17  7  84.5   2.7  1.034   2.8
 356/17 40 -36.1  7.8 356/18 15 -35.0 19.6 17 56 -80.5   2.3  1.036   2.4
 356/18 32  37.1 19.4 356/19  2  36.6  7.5 18 46  84.8   1.9  0.944   1.7
 356/19 20 -37.9  7.7 356/19 54 -36.7 19.4 19 35 -81.7   2.5  1.049   2.6
 356/20 12  37.1 19.7 356/20 42  35.3  7.8 20 26  86.0   2.1  0.926   1.9
 356/21 51  37.6 19.9 356/22 22  36.3  8.0 22  6  86.0   2.1  0.992   2.1
 356/22 39 -35.5  7.4 356/23 11 -35.9 19.7 22 54 -81.6   2.9  1.011   2.9
 357/ 0 20 -37.2  7.1 357/ 0 51 -35.6 20.0  0 35 -77.2   2.5  1.127   2.9
 357/ 1 10  37.2 18.9 357/ 1 44  35.5  7.6  1 27  80.2   1.5  1.106   1.6
 357/ 2  1 -37.7  6.6 357/ 2 32 -37.1 20.1  2 16 -71.9   1.2  1.363   1.6
 357/ 2 54  43.7 18.2 357/ 3 25  35.2  7.6  3  8  76.6   0.8  1.714   1.4
 357/ 3 42 -37.3  6.6 357/ 4 15 -35.3 20.3  3 58 -68.3   0.7  2.511   1.7
 357/ 4 34  37.4 18.6 357/ 5  5  37.6  8.2  4 50  74.2   0.7  2.126   1.4
 357/ 5 22 -35.0  7.2 357/ 5 57 -35.6 20.7  5 41 -67.0   0.7  3.094   2.1
 357/ 6 16  37.0 19.0 357/ 6 46  36.1  8.6  6 32  73.7   1.3  2.582   3.4
 357/ 7  4 -35.8  7.2 357/ 7 39 -35.8 20.7  7 24 -68.4   0.8  2.124   1.7
 357/11 19  35.5 19.5 357/11 53  36.4  8.5 11 35  78.0   4.8  1.494   7.2
 357/12 12 -35.9  7.5 357/12 43 -36.9 20.0 12 28 -83.5   6.1  0.939   5.7
 357/13  0  36.9 19.4 357/13 34  36.3  7.9 13 17  82.6   5.1  1.214   6.2
 357/13 52 -37.1  7.7 357/14 24 -35.8 19.7 14  8 -84.1   3.8  1.001   3.8
 357/14 40  35.2 19.3 357/15  3  72.1  8.1 14 57  86.1   3.1  1.114   3.5
 357/17 11 -37.7  7.8 357/17 45 -35.7 19.6 17 26 -80.7   2.1  1.013   2.1
 357/19 42  35.1 19.6 357/20 12  36.6  7.7 19 56  85.8  92.0  1.015  93.3
 357/21 22  38.3 19.9 357/21 52  36.9  8.0 21 36  86.5   2.2  0.980   2.2
 357/22 10 -38.0  7.5 357/22 42 -35.1 19.6 22 24 -82.6   6.0  0.957   5.7
 357/23  0  36.8 19.8 357/23 33  36.1  8.0 23 16  84.2  11.9  1.147  13.7
 358/ 0 40  37.5 19.1 358/ 1 14  35.8  7.7  0 57  81.1   5.0  1.296   6.5
 358/ 1 31 -37.5  6.7 358/ 2  2 -36.4 20.1  1 46 -73.4   2.5  1.242   3.1
 358/ 2 21  35.2 18.5 358/ 2 55  35.5  7.6  2 38  77.6   3.1  1.666   5.2
 358/ 3 12 -37.2  6.5 358/ 3 44 -37.1 20.3  3 28 -69.1   4.2  1.361   5.8
 358/ 4  3  35.3 18.5 358/ 4 36  35.1  7.9  4 20  74.6   1.7  2.483   4.2
 358/ 4 53 -37.4  7.0 358/ 5 26 -37.6 20.7  5 10 -67.1  10.0  1.260  12.6
 358/ 5 45  35.2 19.0 358/ 6 16  36.8  8.5  6  2  73.6   4.2  3.870  16.3
 358/ 6 34 -36.5  7.2 358/ 7  9 -35.0 20.7  6 54 -67.6   8.6  1.242  10.6
 358/ 7 28  37.7 19.1 358/ 7 57  36.2  8.8  7 43  74.3   5.8  3.484  20.2
 358/ 8 17 -36.4  7.0 358/ 8 51 -35.2 20.6  8 36 -70.8  11.1  0.911  10.1
 358/ 9  9  36.8 19.3 358/ 9 39  36.0  9.0  9 24  75.5   9.7  2.842  27.5
 358/10  1 -36.8  6.9 358/10 32 -37.1 20.3 10 18 -76.4  14.2  0.834  11.8
 358/10 50  38.1 19.4 358/11 22  37.5  8.7 11  5  77.3   7.4  1.815  13.4
 358/11 42 -35.2  7.4 358/12 13 -37.2 20.1 11 58 -82.2  21.6  0.812  17.5
 358/12 30  36.3 19.4 358/13  4  37.3  8.0 12 47  81.1   6.0  1.271   7.6
 358/13 22 -35.5  7.7 358/13 54 -36.5 19.8 13 39 -84.3  15.1  0.951  14.3
 358/14 11  37.8 19.3 358/14 44  36.7  7.7 14 28  85.5 117.1  1.332 156.0
 358/15  2 -37.4  7.8 358/15 34 -37.6 19.6 15 18 -82.6  14.6  1.078  15.7
 358/15 51  35.8 19.3 358/16 24  35.3  7.5 16  8  85.3  13.1  1.097  14.4
 358/16 41 -36.1  7.8 358/17 15 -36.3 19.6 16 57 -80.6   8.5  1.181  10.0
 358/17 32  36.0 19.3 358/18  3  36.8  7.5 17 47  84.5  21.5  1.028  22.1
 358/18 21 -37.7  7.8 358/18 55 -37.0 19.5 18 36 -81.0  17.7  1.224  21.6
 358/19 13  37.7 19.5 358/19 43  35.2  7.6 19 27  85.1  76.4  0.999  76.4
 358/20 52  35.5 19.8 358/21 22  37.6  7.9 21  6  86.5  36.8  1.001  36.8
 358/21 40 -37.0  7.5 358/22 12 -37.3 19.5 21 55 -82.8  18.3  0.964  17.6
 358/22 31  37.5 19.9 358/23  3  36.4  8.0 22 46  85.0  37.0  1.109  41.1
 359/ 1 51  35.9 18.6 359/ 2 25  35.8  7.5  2  8  78.7  13.2  1.624  21.4
 359/ 2 42 -37.1  6.5 359/ 3 14 -36.2 20.1  2 57 -70.1  15.3  0.926  14.2
 359/ 5 15  35.9 18.8 359/ 5 46  37.5  8.4  5 32  73.8   5.0  3.806  19.1
 359/ 6  4 -37.0  7.2 359/ 6 34 -48.9 21.5  6 23 -67.3  10.6  1.239  13.2
 359/ 6 57  35.5 19.1 359/ 7 27  36.3  8.7  7 13  74.0   5.9  3.736  22.1
 359/ 7 46 -36.0  7.1 359/ 8 20 -37.5 20.7  8  6 -69.8   3.9  1.181   4.6
 359/ 8 39  36.7 19.3 359/ 9  8  38.2  9.0  8 54  75.1   3.9  2.736  10.6
 359/ 9 30 -35.9  6.9 359/10  2 -36.9 20.4  9 48 -74.5   6.7  0.981   6.6
 359/10 20  37.5 19.4 359/10 52  35.6  8.8 10 35  76.5   3.0  1.807   5.4
 359/11 12 -35.0  7.3 359/11 43 -37.4 20.2 11 29 -80.6  14.2  0.852  12.1
 359/12  0  35.8 19.5 359/12 34  37.7  8.2 12 17  79.6   6.4  1.365   8.8
 359/12 53 -36.9  7.6 359/13 24 -37.0 19.9 13  9 -84.6  10.0  0.916   9.2
 359/13 41  37.1 19.3 359/14 15  35.0  7.7 13 58  84.4   8.2  1.234  10.1
 359/14 32 -35.8  7.8 359/15  5 -35.3 19.6 14 49 -83.0   7.4  1.041   7.7
 359/15 21  35.4 19.3 359/15 54  36.8  7.5 15 38  86.0   8.1  1.131   9.2
 359/16 12 -37.5  7.8 359/16 45 -36.7 19.6 16 28 -81.2   5.2  1.145   5.9
 359/17  2  35.7 19.3 359/17 34  35.4  7.5 17 18  84.4  17.8  1.042  18.6
 359/17 51 -36.0  7.7 359/18 26 -35.3 19.5 18  6 -80.6   9.8  1.195  11.7
 359/18 43  36.6 19.4 359/19 13  36.7  7.5 18 57  84.9  11.0  0.993  10.9
 359/19 31 -37.9  7.7 359/20  5 -36.5 19.4 19 45 -81.9   7.5  1.125   8.4
 359/20 23  37.0 19.7 359/20 53  35.6  7.8 20 37  86.2  12.2  0.989  12.1
 359/22  2  38.0 19.9 359/22 33  36.8  8.0 22 17  85.9   5.5  1.077   5.9
 359/22 50 -35.1  7.4 359/23 22 -35.8 19.7 23  5 -81.2   5.1  0.957   4.8
 360/ 0 31 -36.7  7.0 360/ 1  2 -36.0 20.0  0 46 -76.6   9.9  0.898   8.9
 360/ 1 21  36.6 18.8 360/ 1 55  36.1  7.6  1 38  79.7   6.5  1.413   9.2
 360/ 2 12 -37.1  6.6 360/ 2 44 -35.3 20.0  2 27 -71.3   7.8  1.028   8.0
 360/ 3  3  36.7 18.4 360/ 3 36  35.8  7.6  3 20  76.2   4.7  2.127  10.0
 360/ 3 53 -36.8  6.7 360/ 4 26 -36.0 20.4  4  9 -68.0   3.3  1.671   5.6
 360/ 4 45  36.6 18.6 360/ 5 16  38.1  8.2  5  1  74.1   1.2  2.482   2.9
 360/ 5 34 -37.1  7.1 360/ 6  8 -36.3 20.7  5 52 -67.0   7.6  1.388  10.5
 360/ 6 27  36.2 19.0 360/ 6 57  36.8  8.6  6 43  73.8   1.5  2.707   4.1
 360/ 7 15 -35.0  7.2 360/ 7 50 -36.6 20.7  7 36 -68.7   8.2  1.103   9.1
 360/ 8 59 -35.6  6.9 360/ 9 32 -36.6 20.5  9 18 -72.8   4.9  1.042   5.1
 360/ 9 50  36.8 19.4 360/10 21  36.2  8.9 10  5  76.0   3.1  2.056   6.3
 360/10 42 -35.2  7.1 360/11 13 -37.6 20.2 10 59 -78.8   3.7  1.041   3.8
 360/11 30  35.2 19.5 360/12  4  37.2  8.4 11 47  78.4   3.2  1.350   4.3
 360/12 23 -35.7  7.5 360/12 54 -37.4 20.0 12 39 -83.9   4.9  0.956   4.7
 360/13 11  36.5 19.4 360/13 45  36.5  7.8 13 28  83.1   3.3  1.143   3.8
 360/14  3 -37.1  7.7 360/14 35 -36.1 19.7 14 19 -83.9   4.6  0.999   4.6
 360/14 52  37.9 19.3 360/15 25  35.1  7.6 15  8  86.2   2.6  1.074   2.8
 360/15 42 -36.0  7.8 360/16 15 -37.2 19.6 15 58 -81.5   2.5  1.059   2.7
 360/16 32  35.5 19.3 360/17  4  36.9  7.5 16 48  85.0   3.1  1.068   3.3
 360/17 22 -37.7  7.8 360/17 56 -36.0 19.6 17 37 -80.7   2.2  1.025   2.3
 360/18 13  35.9 19.4 360/18 44  35.4  7.5 18 28  84.3   2.3  0.955   2.2
 360/19  1 -36.1  7.7 360/19 36 -35.6 19.4 19 16 -81.2   2.6  1.064   2.8
 360/19 54  39.1 19.6 360/20 23  36.8  7.7 20  7  86.0   2.6  0.978   2.5
 360/21 33  38.7 19.9 360/22  3  37.3  8.0 21 47  86.4   2.1  0.974   2.0
 360/22 21 -37.6  7.4 360/22 52 -37.6 19.6 22 35 -82.4   2.0  0.943   1.9
 361/ 0  1 -36.1  7.2 361/ 0 32 -36.4 19.9  0 16 -78.2   1.3  1.106   1.4
 361/ 0 51  37.0 19.0 361/ 1 25  36.4  7.7  1  8  80.8   1.5  1.090   1.6
 361/ 1 42 -36.9  6.7 361/ 2 13 -37.1 20.1  1 57 -72.8   1.1  1.294   1.4
 361/ 2 33  37.5 18.4 361/ 3  6  36.1  7.6  2 49  77.2   1.5  1.639   2.4
 361/ 3 23 -36.6  6.5 361/ 3 56 -35.3 20.2  3 39 -68.7  24.2  0.902  21.8
 361/ 4 15  37.4 18.5 361/ 4 47  35.5  8.0  4 31  74.5   2.5  2.811   6.9
 361/ 5  4 -36.9  7.0 361/ 5 38 -35.6 20.6  5 22 -67.0   3.0  1.830   5.6
 361/ 5 57  37.0 18.9 361/ 6 27  37.3  8.5  6 13  73.7   2.6  3.414   8.8
 361/ 6 45 -35.9  7.2 361/ 7 20 -35.8 20.7  7  5 -67.9   3.4  1.518   5.2
 361/ 7 39  37.0 19.1 361/ 8  8  37.0  8.8  7 54  74.4   2.1  2.792   5.8
 361/ 8 28 -35.4  7.0 361/ 9  2 -36.0 20.5  8 48 -71.3   6.8  1.011   6.9
 361/ 9 20  36.4 19.4 361/ 9 50  37.3  9.0  9 35  75.7   4.6  2.559  11.7
 361/10 12 -36.0  7.0 361/10 43 -37.7 20.3 10 29 -77.0   7.8  0.934   7.3
 361/11  1  37.7 19.4 361/11 34  36.0  8.6 11 17  77.5   8.0  1.753  14.0
 361/11 54 -37.8  7.4 361/12 24 -37.7 20.0 12  9 -82.9   9.5  0.901   8.5
 361/12 41  35.9 19.4 361/13 15  37.7  8.0 12 58  81.6  10.5  1.363  14.3
 361/13 33 -35.5  7.7 361/14  5 -36.8 19.7 13 50 -84.3  22.6  0.955  21.6
 361/14 22  37.4 19.3 361/14 55  36.8  7.6 14 39  85.8  10.5  1.200  12.5
 361/15 13 -37.4  7.8 361/15 45 -37.9 19.6 15 29 -82.4   7.2  1.099   8.0
 361/16  2  35.3 19.3 361/16 35  35.4  7.5 16 19  85.1   7.3  1.091   7.9
 361/16 52 -36.0  7.8 361/17 26 -36.6 19.6 17  8 -80.6   4.9  1.138   5.5
 361/17 43  35.5 19.3 361/18 14  36.9  7.5 17 58  84.4  15.8  1.008  15.9
 361/18 32 -37.7  7.7 361/19  6 -37.0 19.4 18 47 -81.1   3.4  1.105   3.7
 361/19 24  37.5 19.5 361/19 54  35.2  7.6 19 38  85.3   3.1  1.010   3.1
 361/21  3  35.7 19.8 361/21 33  38.0  7.9 21 18  86.6   3.7  1.039   3.9
 361/21 51 -36.7  7.5 361/22 23 -37.0 19.5 22  6 -82.7   2.7  0.965   2.6
 361/22 42  37.9 19.8 361/23 14  37.0  8.0 22 57  84.8   2.3  1.050   2.4
 362/ 0 21  36.7 19.2 362/ 0 55  36.7  7.8  0 38  81.8   2.7  1.218   3.3
 362/ 1 12 -36.7  6.8 362/ 1 43 -36.6 20.1  1 27 -74.4   2.6  1.230   3.2
 362/ 2  2  35.2 18.6 362/ 2 36  36.4  7.5  2 19  78.2   3.0  1.481   4.4
 362/ 2 53 -36.5  6.5 362/ 3 25 -36.9 20.2  3  9 -69.7   4.7  1.274   6.0
 362/ 3 44  35.2 18.5 362/ 4 17  36.0  7.8  4  1  75.1   2.1  2.602   5.4
 362/ 4 34 -36.7  6.9 362/ 5  7 -37.5 20.6  4 51 -67.3   6.5  1.470   9.5
 362/ 6 15 -36.4  7.2 362/ 6 50 -35.0 20.7  6 34 -67.3   4.4  1.657   7.3
 362/ 7  9  37.5 19.0 362/ 7 38  37.0  8.7  7 24  74.1   2.1  3.099   6.5
 362/ 7 57 -35.1  7.1 362/ 8 32 -35.3 20.6  8 17 -69.9   3.3  1.211   4.0
 362/ 8 50  36.2 19.3 362/ 9 20  35.7  8.9  9  5  75.2   1.6  2.398   4.0
 362/ 9 41 -35.0  6.9 362/10 13 -37.5 20.4  9 59 -75.2   2.9  1.117   3.3
 362/10 31  37.1 19.4 362/11  3  36.9  8.8 10 47  76.8   2.5  1.711   4.3
 362/11 24 -37.3  7.3 362/11 54 -37.9 20.1 11 40 -81.3   5.4  0.955   5.2
 362/12 11  35.4 19.4 362/12 46  35.2  8.1 12 28  80.1   4.3  1.267   5.5
 362/13  4 -36.9  7.7 362/13 35 -37.3 19.8 13 20 -84.7   5.1  0.956   4.9
 362/13 52  36.8 19.3 362/14 26  35.1  7.7 14  9  84.8   4.5  1.167   5.2
 362/14 43 -35.9  7.7 362/15 16 -35.5 19.6 14 59 -82.8   3.8  1.070   4.1
 362/15 33  38.0 19.2 362/16  5  36.9  7.5 15 49  86.1   3.9  1.107   4.3
 362/16 23 -37.6  7.8 362/16 56 -37.0 19.6 16 38 -81.1   3.4  1.126   3.8
 362/17 13  35.2 19.3 362/17 45  35.6  7.5 17 29  84.5   3.8  1.043   3.9
 362/18  2 -35.9  7.7 362/18 37 -35.6 19.5 18 17 -80.6   4.5  1.129   5.1
 362/18 54  36.0 19.4 362/19 24  36.8  7.5 19  8  85.0   2.2  0.947   2.1
 362/19 42 -37.7  7.7 362/20 16 -36.4 19.4 19 56 -82.0   1.9  0.987   1.9
 362/20 34  36.8 19.7 362/21  4  36.0  7.8 20 48  86.4   3.5  1.028   3.6
 362/22 13  38.2 19.9 362/22 44  37.4  8.0 22 28  85.7   4.5  1.088   4.9
 362/23  2 -37.9  7.3 362/23 33 -35.8 19.7 23 16 -81.1   3.8  0.997   3.8
 363/ 0 42 -36.0  7.0 363/ 1 13 -36.6 20.0  0 57 -76.0   4.8  1.030   5.0
 363/ 1 32  35.7 18.7 363/ 2  6  36.8  7.6  1 49  79.4   3.5  1.356   4.7
 363/ 2 23 -36.3  6.5 363/ 2 55 -36.2 20.1  2 38 -70.9   8.4  1.043   8.8
 363/ 3 14  35.7 18.4 363/ 3 47  36.5  7.7  3 31  75.9   2.9  2.226   6.4
 363/ 4  4 -36.2  6.7 363/ 4 37 -36.9 20.4  4 21 -67.8   2.7  1.849   5.1
 363/ 4 56  35.7 18.7 363/ 5 28  35.5  8.2  5 13  73.9   1.7  2.863   4.8
 363/ 5 45 -36.4  7.2 363/ 6 19 -37.3 20.8  6  4 -67.1   0.8  3.013   2.4
 363/ 6 38  35.3 19.1 363/ 7  8  37.6  8.7  6 54  73.8   1.3  2.600   3.5
 363/ 7 27 -36.3  7.1 363/ 8  1 -37.7 20.7  7 47 -69.1   1.3  1.682   2.2
 363/ 8 20  35.9 19.2 363/ 8 49  38.6  8.9  8 35  74.9   1.3  2.261   2.9
 363/ 9 11 -36.5  6.8 363/ 9 43 -37.5 20.4  9 29 -73.5   1.9  1.150   2.1
 363/10  1  36.3 19.4 363/10 32  37.8  8.9 10 17  76.2   1.6  1.854   3.1
 363/10 54 -37.0  7.1 363/11 25 -35.0 20.1 11 10 -79.3   3.1  1.045   3.2
 363/11 42  37.7 19.4 363/12 16  35.4  8.3 11 58  78.9   1.7  1.143   2.0
 363/12 34 -35.5  7.6 363/13  5 -38.0 19.9 12 50 -84.3  11.3  0.904  10.2
 363/13 22  35.9 19.4 363/13 56  36.8  7.8 13 39  83.6   4.6  1.180   5.4
 363/14 14 -37.0  7.7 363/14 46 -36.5 19.6 14 30 -83.7   4.2  1.016   4.3
 363/15  3  37.4 19.2 363/15 36  35.4  7.5 15 20  86.1   6.4  1.144   7.4
 363/15 53 -35.8  7.7 363/16 26 -37.7 19.6 16  9 -81.3   3.6  1.116   4.0
 363/16 44  38.0 19.2 363/17 15  37.2  7.5 16 59  85.1   7.8  1.058   8.3
 363/17 33 -37.5  7.7 363/18  7 -36.4 19.5 17 48 -80.7   5.4  1.145   6.2
 363/18 24  35.2 19.4 363/18 55  35.5  7.5 18 39  84.4  11.2  1.001  11.2
 363/19 12 -35.9  7.7 363/19 47 -35.6 19.4 19 27 -81.3   6.2  1.138   7.0
 363/20  5  38.7 19.6 363/20 34  37.2  7.7 20 18  86.2   7.9  1.011   8.0
 363/21 43  35.1 19.9 363/22 14  37.9  8.0 21 58  86.0   6.7  1.058   7.1
 363/22 32 -37.1  7.4 363/23  3 -37.5 19.6 22 47 -82.1   5.6  0.953   5.3
 364/ 0 12 -35.5  7.1 364/ 0 43 -36.8 20.0  0 27 -77.6   4.9  1.005   4.9
 364/ 1  2  36.1 18.9 364/ 1 36  37.1  7.7  1 19  80.4   5.1  1.325   6.8
 364/ 1 53 -36.2  6.6 364/ 2 25 -35.4 20.0  2  8 -72.2  21.6  0.800  17.3
 364/ 2 44  36.4 18.4 364/ 3 17  36.8  7.6  3  1  76.9   6.9  1.899  13.0
 364/ 3 34 -35.9  6.6 364/ 4  7 -36.1 20.3  3 50 -68.5   4.9  1.398   6.8
 364/ 4 26  36.4 18.5 364/ 4 58  36.2  8.0  4 43  74.3   4.5  3.191  14.3
 364/ 5 15 -36.4  7.1 364/ 5 49 -36.5 20.7  5 33 -67.0   5.0  1.547   7.8
 364/ 6  8  36.1 18.9 364/ 6 38  38.1  8.6  6 24  73.7   2.4  3.345   8.1
 364/ 6 56 -35.0  7.3 364/ 7 31 -36.8 20.7  7 16 -68.2   9.8  1.114  10.9
 364/ 7 50  36.1 19.2 364/ 8 19  38.1  8.9  8  5  74.5   3.3  2.910   9.7
 364/ 8 40 -36.3  6.9 364/ 9 13 -37.0 20.5  8 59 -71.9  10.5  0.913   9.6
 364/ 9 31  35.8 19.4 364/10  2  35.6  8.9  9 47  75.7   2.7  2.307   6.2
 364/10 23 -35.0  7.0 364/10 55 -35.1 20.2 10 40 -77.4   4.3  1.015   4.4
 364/11 12  37.1 19.4 364/11 45  37.3  8.5 11 28  77.8   4.1  1.514   6.2
 364/12  5 -37.3  7.4 364/12 36 -35.1 20.0 12 21 -83.1   3.9  0.985   3.8
 364/12 52  35.3 19.4 364/13 27  35.0  7.9 13  9  82.1   4.7  1.217   5.8
 364/13 44 -35.4  7.7 364/14 16 -37.3 19.7 14  1 -84.2   2.7  0.963   2.6
 364/14 33  36.8 19.3 364/15  6  37.0  7.6 14 50  86.1   3.8  1.126   4.2
 364/15 24 -37.3  7.7 364/15 57 -35.2 19.6 15 40 -82.0   3.5  1.104   3.9
 364/16 14  37.7 19.2 364/16 46  35.6  7.5 16 30  85.2   3.0  1.062   3.2
 364/17  3 -35.8  7.7 364/17 37 -37.0 19.6 17 19 -80.5   4.5  1.131   5.0
 364/17 55  38.3 19.3 364/18 25  37.1  7.5 18  9  84.7   2.8  1.005   2.8
 364/18 43 -37.5  7.7 364/19 17 -37.2 19.4 18 58 -81.3   3.0  1.112   3.3
 364/19 35  36.9 19.5 364/20  5  35.5  7.6 19 49  85.4   2.7  0.990   2.7
 364/21 18  51.6 19.8 364/21 45  35.5  7.9 21 29  87.4   3.1  1.053   3.3
 364/22  2 -36.2  7.5 364/22 34 -36.8 19.5 22 17 -82.5   3.9  0.975   3.8
 364/22 53  38.0 19.8 364/23 25  37.7  8.0 23  9  84.5   3.5  1.122   3.9
 365/ 0 32  36.1 19.1 365/ 1  6  37.4  7.7  0 49  81.4   2.8  1.235   3.4
 365/ 1 23 -36.0  6.8 365/ 1 54 -37.3 20.1  1 38 -73.8   1.5  1.290   2.0
 365/ 2 14  37.2 18.5 365/ 2 47  37.1  7.5  2 31  77.9   1.8  1.426   2.6
 365/ 3  4 -35.8  6.5 365/ 3 37 -35.3 20.1  3 20 -69.3   1.0  1.830   1.8
 365/ 3 56  37.2 18.4 365/ 4 28  36.7  7.9  4 12  74.9   0.8  2.017   1.5
 365/ 4 45 -36.1  6.9 365/ 5 19 -35.7 20.5  5  3 -67.2   0.8  3.036   2.3
 365/ 5 38  36.9 18.8 365/ 6  9  35.2  8.4  5 54  73.7   0.7  2.173   1.5
 365/ 6 26 -35.6  7.2 365/ 7  1 -36.0 20.7  6 46 -67.5   1.8  2.079   3.8
 365/ 7 20  36.6 19.1 365/ 7 49  38.0  8.8  7 35  74.2   0.7  2.188   1.5
 365/ 8  9 -36.1  7.0 365/ 8 43 -36.3 20.6  8 29 -70.5   1.2  1.322   1.6
 365/ 9  1  35.4 19.3 365/ 9 31  37.2  8.9  9 17  75.4   1.1  2.117   2.3
 365/ 9 53 -36.1  6.9 365/10 25 -35.2 20.3 10 10 -75.6  13.5  0.843  11.3
 365/10 42  36.5 19.4 365/11 15  35.6  8.6 10 58  76.9   2.6  1.638   4.2
 365/11 35 -36.7  7.3 365/12  6 -35.3 20.1 11 51 -81.6  15.0  0.837  12.6
 365/12 23  37.8 19.4 365/12 57  35.8  8.0 12 39  80.7   8.1  1.364  11.0
 365/13 15 -36.7  7.7 365/13 46 -38.0 19.8 13 31 -84.6  10.3  0.951   9.8
 365/14  3  36.1 19.3 365/14 37  35.4  7.6 14 20  85.2   8.4  1.209  10.2
 365/14 54 -35.7  7.7 365/15 27 -36.0 19.6 15 11 -82.5  23.1  1.071  24.7
 365/15 44  37.4 19.2 365/16 16  37.2  7.5 16  0  85.8  19.4  1.118  21.7
 365/16 34 -37.4  7.8 365/17  7 -37.5 19.6 16 49 -81.0  19.9  1.204  24.0
 365/17 25  37.8 19.3 365/17 56  35.7  7.5 17 40  84.5  25.0  1.028  25.7
 365/18 13 -35.8  7.7 365/18 48 -35.7 19.5 18 28 -80.7  14.2  1.220  17.3
 365/19  5  35.6 19.4 365/19 35  36.9  7.5 19 19  85.1  13.7  0.976  13.4
 365/19 53 -37.7  7.6 365/20 27 -36.1 19.3 20  7 -82.2  13.7  1.108  15.2
 365/20 45  37.0 19.8 365/21 15  36.3  7.8 20 59  86.4  24.1  1.001  24.1
